0 0.403125 0.4375 0.26875 0.2703125
0 0.58203125 0.6875 0.3046875 0.3078125
0 0.45078125 0.1671875 0.2921875 0.2765625
0 0.81640625 0.403125 0.3671875 0.34375
0 0.11015625 0.36484375 0.1671875 0.1765625
0 0.940625 0.75390625 0.11875 0.1796875
0 0.0796875 0.77578125 0.1171875 0.121875
0 0.73671875 0.1140625 0.14375 0.171875
0 0.040625 0.65546875 0.075 0.1375
0 0.06484375 0.5890625 0.0890625 0.1328125
0 0.97421875 0.02421875 0.0359375 0.0484375
0 0.02734375 0.53515625 0.05 0.0765625
0 0.20703125 0.553125 0.0765625 0.0703125
0 0.41015625 0.66796875 0.059375 0.09375
0 0.92890625 0.35078125 0.1421875 0.328125
0 0.2421875 0.6703125 0.1828125 0.2140625
0 0.24140625 0.69375 0.1078125 0.165625