0 0.73359375 0.80234375 0.309375 0.3859375
0 0.6125 0.37578125 0.2703125 0.35
0 0.75859375 0.21875 0.24375 0.3171875
0 0.90703125 0.30859375 0.184375 0.3625
0 0.4859375 0.1875 0.2421875 0.321875
0 0.08984375 0.7625 0.178125 0.4265625
0 0.32578125 0.46796875 0.284375 0.4375
0 0.91875 0.6375 0.1625 0.40625
0 0.20546875 0.93125 0.2890625 0.1375
0 0.92734375 0.9140625 0.1453125 0.15625
0 0.24140625 0.17421875 0.2515625 0.2671875
0 0.9046875 0.08984375 0.171875 0.15625
0 0.69296875 0.56328125 0.246875 0.190625
0 0.471875 0.88828125 0.28125 0.2234375
0 0.059375 0.27734375 0.11875 0.3453125
0 0.6671875 0.0890625 0.21875 0.178125
0 0.2078125 0.39140625 0.178125 0.315625
0 0.06640625 0.52109375 0.1328125 0.1484375
0 0.33203125 0.08046875 0.215625 0.1578125
0 0.075 0.1109375 0.15 0.209375
0 0.803125 0.4796875 0.146875 0.2296875
0 0.121875 0.05625 0.1234375 0.1015625
0 0.44375 0.39140625 0.0796875 0.1328125
0 0.7703125 0.63125 0.159375 0.09375
0 0.51171875 0.02890625 0.0984375 0.0578125
0 0.18203125 0.6296875 0.1359375 0.1765625
0 0.9328125 0.03515625 0.11875 0.0703125
0 0.0890625 0.415625 0.0921875 0.1671875
0 0.9375 0.146875 0.1109375 0.0453125
0 0.828125 0.0234375 0.115625 0.046875
0 0.578125 0.71953125 0.1109375 0.2515625
0 0.79453125 0.04140625 0.046875 0.0734375
0 0.49375 0.48515625 0.0734375 0.059375
0 0.21484375 0.82265625 0.1546875 0.175
0 0.1953125 0.05625 0.0484375 0.0609375
0 0.20234375 0.72578125 0.1796875 0.3671875
0 0.84453125 0.56640625 0.0578125 0.1265625
0 0.5171875 0.721875 0.2359375 0.25625
0 0.5109375 0.52578125 0.109375 0.140625