0 0.7109375 0.18984375 0.321875 0.3796875
0 0.62109375 0.615625 0.2828125 0.359375
0 0.77734375 0.7625 0.2546875 0.325
0 0.91015625 0.6625 0.1796875 0.36875
0 0.5078125 0.8125 0.253125 0.3296875
0 0.084375 0.265625 0.16875 0.43125
0 0.32890625 0.54453125 0.3 0.4453125
0 0.91015625 0.3328125 0.1796875 0.4125
0 0.17578125 0.08671875 0.2921875 0.153125
0 0.90078125 0.06796875 0.1578125 0.1359375
0 0.26484375 0.84296875 0.2609375 0.275
0 0.921875 0.88125 0.15625 0.1625
0 0.68828125 0.4234375 0.253125 0.2
0 0.44453125 0.115625 0.2890625 0.23125
0 0.07265625 0.75234375 0.1375 0.35
0 0.6953125 0.90078125 0.225 0.190625
0 0.215625 0.62890625 0.1890625 0.321875
0 0.0671875 0.5078125 0.134375 0.153125
0 0.36171875 0.9234375 0.2203125 0.153125
0 0.09921875 0.90546875 0.1671875 0.1890625
0 0.803125 0.49921875 0.1546875 0.234375
0 0.15390625 0.9578125 0.1265625 0.084375
0 0.45078125 0.61171875 0.084375 0.134375
0 0.76015625 0.35 0.1625 0.0984375
0 0.5453125 0.96875 0.1 0.0625
0 0.1734375 0.39296875 0.1421875 0.18125
0 0.9515625 0.93671875 0.096875 0.0828125
0 0.09609375 0.6125 0.0984375 0.1703125
0 0.95234375 0.821875 0.0953125 0.05
0 0.86171875 0.95625 0.1171875 0.05625
0 0.5625 0.275 0.1203125 0.2546875
0 0.82578125 0.93671875 0.0484375 0.075
0 0.49453125 0.51484375 0.075 0.0609375
0 0.19296875 0.19765625 0.1609375 0.1796875
0 0.22734375 0.9640625 0.05 0.0625
0 0.1875 0.29609375 0.1921875 0.371875
0 0.8390625 0.409375 0.0625 0.128125
0 0.5015625 0.27734375 0.24375 0.2640625
0 0.50859375 0.4734375 0.1140625 0.14375