0 0.5171875 0.79140625 0.2578125 0.346875
0 0.1359375 0.40546875 0.253125 0.325
0 0.5609375 0.2390625 0.26875 0.33125
0 0.79375 0.353125 0.296875 0.40625
0 0.9484375 0.26015625 0.1015625 0.1875
0 0.3796875 0.5015625 0.265625 0.353125
0 0.765625 0.7875 0.190625 0.2515625
0 0.6671875 0.60859375 0.2125 0.190625
0 0.93828125 0.5296875 0.121875 0.15
0 0.671875 0.97265625 0.090625 0.0546875
0 0.80078125 0.984375 0.0765625 0.03125
0 0.734375 0.98359375 0.053125 0.0328125
0 0.346875 0.303125 0.071875 0.084375
0 0.61875 0.421875 0.0703125 0.0734375
0 0.3703125 0.2734375 0.1171875 0.14375