0 0.5171875 0.20859375 0.2578125 0.346875
0 0.1359375 0.59453125 0.25234375 0.325
0 0.5609375 0.7609375 0.26875 0.33203125
0 0.79375 0.646875 0.29765625 0.40703125
0 0.9484375 0.73984375 0.1015625 0.18671875
0 0.3796875 0.4984375 0.26484375 0.353125
0 0.765625 0.2125 0.19140625 0.2515625
0 0.6671875 0.39140625 0.2125 0.18984375
0 0.93828125 0.4703125 0.12109375 0.15
0 0.671875 0.02734375 0.09140625 0.0546875
0 0.80078125 0.015625 0.0765625 0.03125
0 0.734375 0.01640625 0.053125 0.0328125
0 0.346875 0.696875 0.07109375 0.08359375
0 0.61875 0.578125 0.0703125 0.0734375
0 0.3703125 0.7265625 0.1171875 0.14296875