0 0.4015625 0.5609375 0.2734375 0.275
0 0.58515625 0.3140625 0.309375 0.3125
0 0.44453125 0.83203125 0.296875 0.28125
0 0.8140625 0.6015625 0.371875 0.35
0 0.1078125 0.62890625 0.1703125 0.1796875
0 0.94140625 0.25234375 0.1171875 0.1828125
0 0.084375 0.21640625 0.1203125 0.125
0 0.73046875 0.890625 0.146875 0.1734375
0 0.04375 0.3359375 0.078125 0.1390625
0 0.06640625 0.40390625 0.0921875 0.134375
0 0.96640625 0.97890625 0.0359375 0.0421875
0 0.028125 0.45703125 0.0515625 0.078125
0 0.2078125 0.4421875 0.078125 0.071875
0 0.41328125 0.33046875 0.0609375 0.0953125
0 0.92578125 0.65625 0.1484375 0.33125
0 0.2453125 0.325 0.1875 0.2171875
0 0.2453125 0.3015625 0.1109375 0.1671875