0 0.709375 0.69296875 0.4125 0.6015625
0 0.33515625 0.73046875 0.4109375 0.5390625
0 0.9203125 0.8359375 0.159375 0.275
0 0.14453125 0.92421875 0.2390625 0.1515625
0 0.80234375 0.490625 0.365625 0.5078125
0 0.18828125 0.51953125 0.346875 0.4921875
0 0.44296875 0.3046875 0.3828125 0.5671875
0 0.4609375 0.97265625 0.2125 0.0546875
0 0.05625 0.6921875 0.0921875 0.1046875
0 0.09921875 0.76875 0.178125 0.265625
0 0.73984375 0.94453125 0.3078125 0.096875
0 0.62578125 0.33125 0.0703125 0.2015625
0 0.83515625 0.9375 0.1171875 0.084375