0 0.3046875 0.70703125 0.3734375 0.5765625
0 0.6796875 0.72109375 0.37578125 0.5171875
0 0.0875 0.86640625 0.17421875 0.26328125
0 0.88515625 0.91484375 0.228125 0.1671875
0 0.19765625 0.51171875 0.3328125 0.4859375
0 0.8125 0.49765625 0.3140625 0.471875
0 0.54296875 0.3015625 0.34609375 0.54453125
0 0.571875 0.9734375 0.21015625 0.05
0 0.95625 0.6609375 0.0859375 0.09921875
0 0.91875 0.73984375 0.1609375 0.25546875
0 0.29140625 0.96015625 0.30390625 0.07578125
0 0.3625 0.340625 0.05703125 0.19765625
0 0.19609375 0.96015625 0.1125 0.0765625