0 0.59609375 0.5640625 0.26484375 0.26640625
0 0.42109375 0.3109375 0.29921875 0.30234375
0 0.54375 0.83359375 0.28828125 0.27109375
0 0.18125 0.590625 0.3625 0.3375
0 0.8875 0.6421875 0.16484375 0.1734375
0 0.0609375 0.2375 0.121875 0.178125
0 0.925 0.23125 0.115625 0.1203125
0 0.25625 0.88203125 0.14140625 0.16875
0 0.96171875 0.35234375 0.07265625 0.1359375
0 0.93671875 0.41875 0.0875 0.13125
0 0.0171875 0.9703125 0.034375 0.05546875
0 0.9734375 0.4734375 0.04921875 0.07578125
0 0.79375 0.45234375 0.075 0.06875
0 0.59296875 0.33359375 0.0578125 0.09296875
0 0.06875 0.64140625 0.13671875 0.3265625
0 0.7609375 0.334375 0.1796875 0.2109375
0 0.76171875 0.3109375 0.1046875 0.1640625