0 0.50703125 0.2078125 0.2703125 0.35625
0 0.13984375 0.60703125 0.2640625 0.334375
0 0.5703125 0.75859375 0.2796875 0.340625
0 0.7984375 0.63671875 0.3109375 0.4171875
0 0.95078125 0.7234375 0.0984375 0.190625
0 0.3796875 0.50234375 0.2765625 0.3625
0 0.75546875 0.203125 0.2 0.2578125
0 0.66328125 0.3859375 0.21875 0.196875
0 0.93671875 0.4546875 0.1265625 0.1546875
0 0.6546875 0.025 0.09375 0.05
0 0.7828125 0.0109375 0.078125 0.021875
0 0.71640625 0.0125 0.0546875 0.025
0 0.35390625 0.70234375 0.0734375 0.0859375
0 0.62109375 0.57421875 0.0734375 0.0765625
0 0.378125 0.73125 0.121875 0.146875