0 0.728125 0.80625 0.30234375 0.38125
0 0.61484375 0.378125 0.26484375 0.34609375
0 0.76328125 0.2234375 0.23828125 0.31328125
0 0.91015625 0.315625 0.178125 0.36015625
0 0.49140625 0.1875 0.23671875 0.31796875
0 0.08515625 0.75546875 0.1703125 0.4234375
0 0.3265625 0.46484375 0.27734375 0.43203125
0 0.91875 0.6453125 0.16015625 0.40390625
0 0.19765625 0.9296875 0.2859375 0.13828125
0 0.92421875 0.921875 0.14921875 0.15390625
0 0.246875 0.16953125 0.24765625 0.2625
0 0.91171875 0.096875 0.16875 0.15390625
0 0.6921875 0.56640625 0.24375 0.18671875
0 0.465625 0.88828125 0.278125 0.2203125
0 0.06015625 0.2703125 0.1203125 0.34375
0 0.67421875 0.08984375 0.215625 0.1796875
0 0.209375 0.3859375 0.17265625 0.3125
0 0.065625 0.5140625 0.13125 0.146875
0 0.3390625 0.07734375 0.2125 0.1546875
0 0.078125 0.103125 0.15625 0.20625
0 0.803125 0.48515625 0.14296875 0.22734375
0 0.1296875 0.05 0.121875 0.1
0 0.4453125 0.390625 0.07734375 0.13125
0 0.76796875 0.6359375 0.1578125 0.090625
0 0.5203125 0.02890625 0.096875 0.0578125
0 0.1796875 0.62421875 0.1328125 0.175
0 0.940625 0.0390625 0.1171875 0.07734375
0 0.090625 0.40859375 0.08984375 0.165625
0 0.94375 0.1546875 0.11015625 0.04375
0 0.8375 0.02578125 0.11484375 0.05078125
0 0.57421875 0.72109375 0.10703125 0.25
0 0.80234375 0.046875 0.0453125 0.0734375
0 0.49375 0.48515625 0.07265625 0.0578125
0 0.209375 0.81796875 0.15234375 0.17265625
0 0.203125 0.05078125 0.04765625 0.059375
0 0.1984375 0.7203125 0.17265625 0.3640625
0 0.84296875 0.57265625 0.05625 0.12578125
0 0.51328125 0.721875 0.23125 0.2515625
0 0.51015625 0.52578125 0.10703125 0.13828125