1 0.4015625 0.778125 0.496875 0.44375
1 0.7578125 0.48515625 0.484375 0.5109375
1 0.81015625 0.84140625 0.3796875 0.2984375
1 0.34140625 0.32265625 0.5421875 0.5546875
1 0.6015625 0.0984375 0.503125 0.196875
1 0.91328125 0.19921875 0.1609375 0.3984375
1 0.11640625 0.14609375 0.2328125 0.2484375
1 0.08515625 0.59765625 0.1703125 0.5203125
1 0.10390625 0.90546875 0.1578125 0.1890625
1 0.66484375 0.74296875 0.13125 0.171875
1 0.14921875 0.72109375 0.2609375 0.3828125
1 0.74921875 0.12890625 0.2640625 0.2578125
1 0.971875 0.62734375 0.05625 0.5265625
1 0.08671875 0.39375 0.1734375 0.2875
1 0.4421875 0.94765625 0.403125 0.1046875