1 0.61796875 0.21796875 0.46796875 0.4359375
1 0.2359375 0.49609375 0.4640625 0.4796875
1 0.19765625 0.1359375 0.3953125 0.271875
1 0.64609375 0.68828125 0.5078125 0.5203125
1 0.3703125 0.90390625 0.4921875 0.184375
1 0.065625 0.78515625 0.13125 0.4203125
1 0.871875 0.8796875 0.24765625 0.23203125
1 0.92421875 0.43203125 0.14375 0.51171875
1 0.92421875 0.10625 0.14375 0.21171875
1 0.35234375 0.24609375 0.1203125 0.1640625
1 0.865625 0.30390625 0.2359375 0.36796875
1 0.22421875 0.8578125 0.24765625 0.25234375
1 0.02421875 0.33828125 0.04765625 0.52421875
1 0.91171875 0.634375 0.16796875 0.27578125
1 0.5890625 0.04765625 0.396875 0.0953125