1 0.396875 0.77890625 0.490625 0.4421875
1 0.759375 0.4890625 0.48125 0.503125
1 0.8078125 0.84765625 0.384375 0.2921875
1 0.34453125 0.31953125 0.534375 0.546875
1 0.60859375 0.096875 0.5015625 0.19375
1 0.91875 0.20234375 0.153125 0.4046875
1 0.11875 0.13984375 0.2375 0.2453125
1 0.08203125 0.5890625 0.1640625 0.51875
1 0.09609375 0.903125 0.1546875 0.19375
1 0.6609375 0.74609375 0.128125 0.1703125
1 0.1453125 0.71484375 0.2546875 0.3796875
1 0.75703125 0.13046875 0.2609375 0.2609375
1 0.97265625 0.63671875 0.0546875 0.5265625
1 0.08671875 0.3875 0.1734375 0.284375
1 0.43359375 0.94921875 0.4015625 0.1015625