2 0.3328125 0.28828125 0.1359375 0.4453125
2 0.05625 0.6171875 0.0765625 0.2046875
2 0.16875 0.49375 0.1265625 0.3125
2 0.19375 0.69453125 0.1109375 0.309375
2 0.36484375 0.646875 0.1453125 0.475
2 0.51015625 0.484375 0.1046875 0.396875
2 0.60703125 0.47265625 0.10625 0.3734375
2 0.43828125 0.13984375 0.0859375 0.1734375
2 0.6765625 0.21953125 0.0671875 0.2796875
2 0.546875 0.76953125 0.0859375 0.2140625
2 0.2515625 0.76171875 0.0953125 0.33125
2 0.61796875 0.73125 0.08125 0.2203125
2 0.678125 0.46640625 0.04375 0.1796875
2 0.83984375 0.9234375 0.0609375 0.153125
2 0.93828125 0.93046875 0.0546875 0.1328125
2 0.90703125 0.76484375 0.0578125 0.1796875
2 0.896875 0.6125 0.053125 0.1296875