5 0.34765625 0.13125 0.128125 0.1921875
5 0.13828125 0.10390625 0.1375 0.1765625
5 0.56640625 0.08984375 0.15 0.15
5 0.8046875 0.13671875 0.1390625 0.159375
5 0.06953125 0.44375 0.1078125 0.146875
5 0.2625 0.42265625 0.128125 0.140625
5 0.4796875 0.4375 0.1734375 0.1359375
5 0.66953125 0.42265625 0.1296875 0.1453125
5 0.896875 0.44140625 0.1296875 0.1765625
5 0.1671875 0.7609375 0.159375 0.1765625
5 0.4046875 0.74140625 0.13125 0.1890625
5 0.6359375 0.73515625 0.1484375 0.1296875
5 0.8375 0.78046875 0.1296875 0.190625