2 0.3328125 0.28515625 0.11875 0.434375
2 0.05546875 0.59609375 0.0734375 0.171875
2 0.19453125 0.67578125 0.084375 0.3484375
2 0.25390625 0.73203125 0.0796875 0.3453125
2 0.365625 0.665625 0.1484375 0.4421875
2 0.5109375 0.50234375 0.1046875 0.375
2 0.6046875 0.48203125 0.09375 0.365625
2 0.67421875 0.23359375 0.071875 0.246875
2 0.43828125 0.1484375 0.0640625 0.1859375
2 0.90234375 0.7546875 0.06875 0.1828125
2 0.84453125 0.92109375 0.0609375 0.1578125
2 0.9375 0.91484375 0.05625 0.1703125
2 0.54296875 0.74921875 0.0890625 0.2453125
2 0.6234375 0.7296875 0.075 0.225