4 0.465625 0.446875 0.11640625 0.1390625
4 0.39609375 0.575 0.15 0.14375
4 0.61015625 0.66796875 0.12578125 0.190625
4 0.6890625 0.603125 0.09375 0.12734375
4 0.759375 0.4015625 0.08515625 0.12421875
4 0.44921875 0.2265625 0.11953125 0.11328125
4 0.23125 0.29140625 0.1015625 0.13203125
4 0.18671875 0.4078125 0.07578125 0.09375
4 0.26484375 0.440625 0.0875 0.12421875
4 0.22734375 0.56796875 0.11796875 0.12421875
4 0.17890625 0.73203125 0.12109375 0.12421875
4 0.2875 0.7421875 0.12421875 0.13671875
4 0.40546875 0.7375 0.1078125 0.18046875
4 0.49609375 0.79609375 0.0921875 0.11640625
4 0.4703125 0.921875 0.15625 0.11640625
4 0.32578125 0.9078125 0.12734375 0.1578125
4 0.6984375 0.9046875 0.08203125 0.11796875
4 0.7359375 0.81953125 0.0984375 0.12421875