0 0.71875 0.76953125 0.1828125 0.2703125
0 0.5796875 0.775 0.153125 0.290625
0 0.4390625 0.7859375 0.1609375 0.303125
0 0.2796875 0.79453125 0.15625 0.3140625
0 0.225 0.5296875 0.165625 0.2859375
0 0.3703125 0.52421875 0.134375 0.2734375
0 0.5015625 0.5109375 0.15625 0.28125
0 0.6140625 0.515625 0.15625 0.2765625
0 0.73203125 0.5171875 0.1609375 0.259375
0 0.1828125 0.21875 0.10625 0.3796875
0 0.28125 0.2234375 0.096875 0.365625
0 0.37890625 0.22578125 0.0890625 0.3703125
0 0.45703125 0.23203125 0.10625 0.3578125
0 0.53125 0.234375 0.115625 0.3640625
0 0.6140625 0.2328125 0.1375 0.35625
0 0.69140625 0.2359375 0.1328125 0.346875
0 0.7640625 0.24609375 0.134375 0.3390625
0 0.8390625 0.24609375 0.1453125 0.3390625
0 0.9109375 0.259375 0.15 0.3375