0 0.28125 0.23046875 0.1828125 0.2703125
0 0.4203125 0.22734375 0.1546875 0.290625
0 0.5609375 0.2140625 0.1609375 0.303125
0 0.7203125 0.20546875 0.15625 0.315625
0 0.775 0.47265625 0.165625 0.2859375
0 0.6296875 0.47578125 0.134375 0.275
0 0.4984375 0.4890625 0.15625 0.28125
0 0.3859375 0.484375 0.15625 0.2765625
0 0.26796875 0.4828125 0.1609375 0.259375
0 0.8171875 0.78125 0.10625 0.3796875
0 0.71875 0.77890625 0.096875 0.365625
0 0.62109375 0.77421875 0.0890625 0.3703125
0 0.54296875 0.7703125 0.10625 0.3578125
0 0.46875 0.765625 0.115625 0.3640625
0 0.3859375 0.7671875 0.1375 0.35625
0 0.30859375 0.7640625 0.1328125 0.346875
0 0.2359375 0.75390625 0.134375 0.3390625
0 0.1609375 0.75390625 0.1453125 0.3390625
0 0.0890625 0.740625 0.15 0.3375