0 0.90390625 0.3125 0.0625 0.1921875
0 0.8609375 0.31484375 0.0578125 0.1828125
0 0.890625 0.52421875 0.09375 0.2453125
0 0.83515625 0.5265625 0.0984375 0.23125
0 0.8703125 0.81015625 0.10625 0.3078125
0 0.7984375 0.803125 0.10625 0.303125
0 0.72578125 0.24140625 0.221875 0.0515625
0 0.7203125 0.2953125 0.228125 0.04375
0 0.71171875 0.3390625 0.2171875 0.0578125
0 0.69375 0.4015625 0.2328125 0.0578125
0 0.6859375 0.4734375 0.24375 0.0828125
0 0.665625 0.515625 0.2453125 0.0703125
0 0.6546875 0.5984375 0.2578125 0.115625
0 0.6421875 0.6734375 0.2703125 0.134375
0 0.6296875 0.7640625 0.2734375 0.125
0 0.6078125 0.84609375 0.2828125 0.1640625
0 0.5296875 0.26796875 0.184375 0.103125
0 0.50390625 0.359375 0.209375 0.103125
0 0.4671875 0.44921875 0.2140625 0.115625
0 0.43515625 0.56640625 0.2171875 0.1515625
0 0.390625 0.69609375 0.2328125 0.1765625
0 0.3375 0.265625 0.2390625 0.128125
0 0.2796875 0.3609375 0.253125 0.125
0 0.234375 0.4984375 0.271875 0.1953125
0 0.165625 0.64296875 0.303125 0.2046875