1 0.7860576923076923 0.546875 0.1971153846153846 0.16466346153846154
1 0.6466346153846154 0.5540865384615384 0.15865384615384615 0.18028846153846154
1 0.8341346153846154 0.7908653846153846 0 0.004807692307692308
1 0.7259615384615384 0.4387019230769231 0.20793269230769232 0.10336538461538461
1 0.7836538461538461 0.703125 0.20793269230769232 0.14903846153846154
1 0.6370192307692307 0.7067307692307693 0.11538461538461539 0.14423076923076922
1 0.7992788461538461 0.8581730769230769 0.20072115384615385 0.17067307692307693
1 0.6466346153846154 0.8533653846153846 0.12740384615384615 0.15985576923076922
1 0.47836538461538464 0.21394230769230768 0.2704326923076923 0.25240384615384615
1 0.4831730769230769 0.3942307692307692 0.2776442307692308 0.22115384615384615
1 0.45913461538461536 0.5973557692307693 0.23197115384615385 0.21634615384615385
1 0.35697115384615385 0.8173076923076923 0.3125 0.24278846153846154
1 0.5480769230769231 0.8197115384615384 0.06971153846153846 0.21634615384615385
1 0.30528846153846156 0.4795673076923077 0.09254807692307693 0.11298076923076923
1 0.2644230769230769 0.5949519230769231 0.15865384615384615 0.12860576923076922
1 0.2668269230769231 0.7932692307692307 0.16947115384615385 0.25721153846153844
1 0.12139423076923077 0.734375 0.1201923076923077 0.11899038461538461
1 0.1201923076923077 0.8509615384615384 0.12379807692307693 0.12379807692307693