1 0.8473557692307693 0.828125 0.28846153846153844 0.15625
1 0.6754807692307693 0.7223557692307693 0.6322115384615384 0.27403846153846156
1 0.4963942307692308 0.84375 0.46153846153846156 0.125
1 0.13341346153846154 0.8100961538461539 0.2668269230769231 0.1971153846153846
1 0.2692307692307692 0.7463942307692307 0.30528846153846156 0.19471153846153846
1 0.2536057692307692 0.6838942307692307 0.27403846153846156 0.18028846153846154
1 0.36778846153846156 0.5072115384615384 0.734375 0.421875
1 0.7259615384615384 0.609375 0.53125 0.15625
1 0.8365384615384616 0.49278846153846156 0.3125 0.171875
1 0.6911057692307693 0.47596153846153844 0.11778846153846154 0.09375
1 0.7740384615384616 0.3004807692307692 0.4375 0.39903846153846156
1 0.7884615384615384 0.09014423076923077 0.40625 0.18028846153846154
1 0.3786057692307692 0.3629807692307692 0.22596153846153846 0.22596153846153846
1 0.13341346153846154 0.43509615384615385 0.2668269230769231 0.25961538461538464
1 0.43028846153846156 0.38221153846153844 0.515625 0.28125
1 0.296875 0.234375 0.5 0.234375
1 0.027644230769230768 0.3161057692307692 0.055288461538461536 0.10096153846153846
1 0.15745192307692307 0.13341346153846154 0.31490384615384615 0.2668269230769231
1 0.4495192307692308 0.05889423076923077 0.27403846153846156 0.11778846153846154
1 0.3245192307692308 0.140625 0.5072115384615384 0.28125
1 0.4963942307692308 0.453125 0.9927884615384616 0.90625