1 0.375 0.7776442307692307 0.234375 0.31971153846153844
1 0.39903846153846156 0.859375 0.15625 0.15625
1 0.5552884615384616 0.75 0.171875 0.375
1 0.3004807692307692 0.7259615384615384 0.36778846153846156 0.4375
1 0.09375 0.640625 0.1875 0.59375
1 0.6802884615384616 0.6286057692307693 0.625 0.6322115384615384
1 0.8629807692307693 0.2692307692307692 0.25721153846153844 0.30528846153846156
1 0.890625 0.078125 0.203125 0.15625
1 0.5 0.17548076923076922 0.46875 0.27403846153846156
1 0.6322115384615384 0.10216346153846154 0.3317307692307692 0.20432692307692307
1 0.36778846153846156 0.02403846153846154 0.203125 0.046875
1 0.2536057692307692 0.23798076923076922 0.44471153846153844 0.21153846153846154
1 0.30528846153846156 0.3870192307692308 0.296875 0.31971153846153844
1 0.078125 0.28846153846153844 0.15625 0.234375
1 0.12860576923076922 0.12860576923076922 0.25721153846153844 0.10096153846153846
1 0.14903846153846154 0.04326923076923077 0.296875 0.08653846153846154
1 0.8713942307692307 0.734375 0.24278846153846154 0.390625
1 0.4963942307692308 0.46875 0.9927884615384616 0.9375