1 0.734375 0.8713942307692307 0.359375 0.24278846153846154
1 0.9026442307692307 0.90625 0.18028846153846154 0.171875
1 0.8197115384615384 0.6838942307692307 0.34375 0.13221153846153846
1 0.6490384615384616 0.5865384615384616 0.125 0.171875
1 0.6947115384615384 0.5240384615384616 0.171875 0.140625
1 0.8088942307692307 0.4807692307692308 0.14903846153846154 0.055288461538461536
1 0.22235576923076922 0.8822115384615384 0.33653846153846156 0.171875
1 0.09735576923076923 0.9302884615384616 0.19471153846153846 0.125
1 0.359375 0.9375 0.25 0.109375
1 0.4807692307692308 0.9495192307692307 0.13221153846153846 0.08653846153846154
1 0.59375 0.84375 0.1875 0.15625
1 0.46875 0.78125 0.265625 0.15625
1 0.15264423076923078 0.7848557692307693 0.24278846153846154 0.10096153846153846
1 0.02403846153846154 0.78125 0.046875 0.140625
1 0.11298076923076923 0.6947115384615384 0.16346153846153846 0.15625
1 0.2848557692307692 0.6129807692307693 0.22596153846153846 0.21153846153846154
1 0.4411057692307692 0.6682692307692307 0.27403846153846156 0.11778846153846154
1 0.484375 0.5504807692307693 0.203125 0.18028846153846154
1 0.8786057692307693 0.5240384615384616 0.22596153846153846 0.171875
1 0.8088942307692307 0.36778846153846156 0.36778846153846156 0.1875
1 0.84375 0.3161057692307692 0.296875 0.08653846153846154
1 0.7884615384615384 0.24278846153846154 0.28125 0.140625
1 0.5504807692307693 0.15625 0.28846153846153844 0.109375
1 0.20673076923076922 0.11778846153846154 0.18028846153846154 0.078125
1 0.24278846153846154 0.15985576923076922 0.484375 0.14903846153846154
1 0.18028846153846154 0.359375 0.359375 0.265625
1 0.34375 0.36778846153846156 0.265625 0.1875
1 0.5072115384615384 0.3125 0.3125 0.234375
1 0.18028846153846154 0.5817307692307693 0.359375 0.19471153846153846
1 0.4963942307692308 0.5276442307692307 0.9927884615384616 0.9302884615384616