1 0.7776442307692307 0.7848557692307693 0.27403846153846156 0.22596153846153846
1 0.8052884615384616 0.78125 0.375 0.234375
1 0.734375 0.625 0.125 0.109375
1 0.8942307692307693 0.5348557692307693 0.19471153846153846 0.35096153846153844
1 0.78125 0.5072115384615384 0.046875 0.140625
1 0.875 0.30528846153846156 0.234375 0.28125
1 0.9302884615384616 0.11778846153846154 0.125 0.234375
1 0.8509615384615384 0.06610576923076923 0.078125 0.13221153846153846
1 0.6442307692307693 0.11778846153846154 0.30528846153846156 0.234375
1 0.5 0.17548076923076922 0.375 0.28846153846153844
1 0.5432692307692307 0.39903846153846156 0.44471153846153844 0.359375
1 0.5120192307692307 0.7307692307692307 0.25721153846153844 0.30528846153846156
1 0.5192307692307693 0.8677884615384616 0.22596153846153846 0.0625
1 0.14423076923076922 0.7427884615384616 0.28846153846153844 0.125
1 0.19951923076923078 0.8401442307692307 0.39903846153846156 0.11778846153846154
1 0.33653846153846156 0.7427884615384616 0.078125 0.09375
1 0.13701923076923078 0.6634615384615384 0.19471153846153846 0.046875
1 0.19951923076923078 0.6442307692307693 0.36778846153846156 0.11778846153846154
1 0.18028846153846154 0.6370192307692307 0.359375 0.13221153846153846
1 0.16466346153846154 0.4879807692307692 0.3293269230769231 0.1971153846153846
1 0.15985576923076922 0.25721153846153844 0.31971153846153844 0.28125
1 0.19110576923076922 0.0625 0.38221153846153844 0.125
1 0.49759615384615385 0.44591346153846156 0.9951923076923077 0.8918269230769231