1 0.8713942307692307 0.13701923076923078 0.18028846153846154 0.06971153846153846
1 0.8629807692307693 0.19471153846153846 0.18028846153846154 0.046875
1 0.8677884615384616 0.2536057692307692 0.171875 0.06971153846153846
1 0.703125 0.16826923076923078 0.125 0.055288461538461536
1 0.7115384615384616 0.21514423076923078 0.140625 0.055288461538461536
1 0.7151442307692307 0.28125 0.13221153846153846 0.078125
1 0.5697115384615384 0.19110576923076922 0.125 0.055288461538461536
1 0.578125 0.25721153846153844 0.125 0.0625
1 0.5865384615384616 0.3125 0.125 0.046875
1 0.453125 0.265625 0.125 0.15625
1 0.921875 0.3161057692307692 0.140625 0.08653846153846154
1 0.9182692307692307 0.375 0.14903846153846154 0.0625
1 0.921875 0.421875 0.140625 0.046875
1 0.921875 0.46153846153846156 0.140625 0.03125
1 0.9254807692307693 0.5036057692307693 0.13221153846153846 0.055288461538461536
1 0.921875 0.5697115384615384 0.140625 0.0625
1 0.9254807692307693 0.6370192307692307 0.13221153846153846 0.08653846153846154
1 0.8990384615384616 0.6995192307692307 0.1875 0.055288461538461536
1 0.9026442307692307 0.7620192307692307 0.18028846153846154 0.055288461538461536
1 0.890625 0.8161057692307693 0.203125 0.055288461538461536
1 0.8942307692307693 0.875 0.19471153846153846 0.0625
1 0.8942307692307693 0.9338942307692307 0.19471153846153846 0.02403846153846154
1 0.7151442307692307 0.6995192307692307 0.16346153846153846 0.06971153846153846
1 0.7151442307692307 0.78125 0.18028846153846154 0.109375
1 0.7151442307692307 0.8870192307692307 0.14903846153846154 0.10096153846153846
1 0.7848557692307693 0.6322115384615384 0.14903846153846154 0.078125
1 0.7848557692307693 0.5745192307692307 0.14903846153846154 0.06971153846153846
1 0.7884615384615384 0.5192307692307693 0.140625 0.038461538461538464
1 0.78125 0.484375 0.15625 0.03125
1 0.7776442307692307 0.4651442307692308 0.14903846153846154 0.038461538461538464
1 0.78125 0.4375 0.125 0.046875
1 0.78125 0.3870192307692308 0.140625 0.06971153846153846
1 0.7884615384615384 0.3317307692307692 0.140625 0.06971153846153846
1 0.5661057692307693 0.6995192307692307 0.14903846153846154 0.055288461538461536
1 0.5588942307692307 0.75 0.14903846153846154 0.0625
1 0.5504807692307693 0.7884615384615384 0.14903846153846154 0.046875
1 0.5432692307692307 0.84375 0.14903846153846154 0.078125
1 0.546875 0.890625 0.171875 0.0625
1 0.6322115384615384 0.5661057692307693 0.140625 0.16346153846153846
1 0.6370192307692307 0.46875 0.11778846153846154 0.0625
1 0.6490384615384616 0.40625 0.125 0.046875
1 0.6442307692307693 0.359375 0.13221153846153846 0.0625
1 0.5240384615384616 0.3629807692307692 0.125 0.055288461538461536
1 0.5240384615384616 0.41346153846153844 0.125 0.046875
1 0.5192307692307693 0.4723557692307692 0.11778846153846154 0.055288461538461536
1 0.4567307692307692 0.5276442307692307 0.21153846153846154 0.08653846153846154
1 0.46875 0.5865384615384616 0.234375 0.046875
1 0.46153846153846156 0.65625 0.21875 0.078125
1 0.421875 0.71875 0.125 0.078125
1 0.43028846153846156 0.7848557692307693 0.15625 0.038461538461538464
1 0.4098557692307692 0.8473557692307693 0.13221153846153846 0.08653846153846154
1 0.22596153846153846 0.25721153846153844 0.40625 0.203125
1 0.25721153846153844 0.40625 0.390625 0.15625
1 0.20673076923076922 0.59375 0.28846153846153844 0.1875
1 0.19951923076923078 0.78125 0.28846153846153844 0.1875
1 0.03485576923076923 0.4411057692307692 0.06971153846153846 0.18028846153846154
1 0.027644230769230768 0.6129807692307693 0.055288461538461536 0.16346153846153846
1 0.027644230769230768 0.7692307692307693 0.055288461538461536 0.18028846153846154