1 0.8125 0.9098557692307693 0.359375 0.16346153846153846
1 0.796875 0.6838942307692307 0.3125 0.27403846153846156
1 0.96875 0.6754807692307693 0.046875 0.27403846153846156
1 0.9567307692307693 0.3942307692307692 0.06971153846153846 0.28846153846153844
1 0.9254807692307693 0.125 0.13221153846153846 0.25
1 0.4723557692307692 0.90625 0.36778846153846156 0.171875
1 0.019230769230769232 0.9182692307692307 0.038461538461538464 0.14903846153846154
1 0.16346153846153846 0.9134615384615384 0.265625 0.15625
1 0.47596153846153844 0.6947115384615384 0.359375 0.296875
1 0.14423076923076922 0.6911057692307693 0.28846153846153844 0.27403846153846156
1 0.4375 0.3870192307692308 0.359375 0.30528846153846156
1 0.7572115384615384 0.390625 0.328125 0.296875
1 0.7115384615384616 0.13701923076923078 0.296875 0.27403846153846156
1 0.39903846153846156 0.12139423076923077 0.34375 0.24278846153846154
1 0.12860576923076922 0.4026442307692308 0.25721153846153844 0.31971153846153844
1 0.11298076923076923 0.12139423076923077 0.22596153846153846 0.24278846153846154
1 0.4963942307692308 0.4963942307692308 0.9927884615384616 0.9927884615384616