1 0.06490384615384616 0.4735576923076923 0.12980769230769232 0.4483173076923077
1 0.22956730769230768 0.22596153846153846 0.43509615384615385 0.203125
1 0.234375 0.40384615384615385 0.4387019230769231 0.5673076923076923
1 0.13341346153846154 0.14543269230769232 0.2668269230769231 0.15625
1 0.35336538461538464 0.0985576923076923 0.21033653846153846 0.14543269230769232
1 0.3485576923076923 0.039663461538461536 0.21634615384615385 0.07932692307692307
1 0.49759615384615385 0.039663461538461536 0.08653846153846154 0.07932692307692307
1 0.4963942307692308 0.1045673076923077 0.09134615384615384 0.0733173076923077
1 0.49759615384615385 0.27283653846153844 0.08774038461538461 0.2860576923076923
1 0.12259615384615384 0.04927884615384615 0.2439903846153846 0.0985576923076923
1 0.7620192307692307 0.59375 0.4699519230769231 0.3233173076923077
1 0.765625 0.5228365384615384 0.46153846153846156 0.296875
1 0.765625 0.4483173076923077 0.46153846153846156 0.3233173076923077
1 0.765625 0.35697115384615385 0.46153846153846156 0.3173076923076923
1 0.7668269230769231 0.3076923076923077 0.4579326923076923 0.2608173076923077
1 0.7668269230769231 0.15625 0.4579326923076923 0.2704326923076923
1 0.7668269230769231 0.078125 0.4579326923076923 0.15625