1 0.3557692307692308 0.5552884615384616 0.13221153846153846 0.296875
1 0.23798076923076922 0.4963942307692308 0.47596153846153844 0.9927884615384616
1 0.5348557692307693 0.4963942307692308 0.11778846153846154 0.9927884615384616
1 0.6490384615384616 0.4963942307692308 0.125 0.9927884615384616
1 0.8245192307692307 0.5588942307692307 0.24278846153846154 0.8677884615384616
1 0.9495192307692307 0.6009615384615384 0.08653846153846154 0.40625
1 0.9495192307692307 0.9026442307692307 0.08653846153846154 0.18028846153846154
1 0.9447115384615384 0.2776442307692308 0.09375 0.24278846153846154
1 0.9447115384615384 0.09014423076923077 0.09375 0.18028846153846154
1 0.7692307692307693 0.16826923076923078 0.25721153846153844 0.33653846153846156
1 0.19110576923076922 0.19951923076923078 0.38221153846153844 0.39903846153846156
1 0.13341346153846154 0.828125 0.2668269230769231 0.3293269230769231
1 0.5240384615384616 0.671875 0.9375 0.640625
1 0.4098557692307692 0.8557692307692307 0.27403846153846156 0.27403846153846156
1 0.4963942307692308 0.4963942307692308 0.9927884615384616 0.9927884615384616