1 0.8245192307692307 0.6490384615384616 0.33653846153846156 0.6875
1 0.9567307692307693 0.3473557692307692 0.06971153846153846 0.16346153846153846
1 0.8317307692307693 0.265625 0.08653846153846154 0.109375
1 0.9182692307692307 0.27403846153846156 0.14903846153846154 0.140625
1 0.9254807692307693 0.140625 0.13221153846153846 0.15625
1 0.6286057692307693 0.484375 0.11778846153846154 0.203125
1 0.65625 0.6598557692307693 0.09375 0.13221153846153846
1 0.6875 0.828125 0.09375 0.1875
1 0.703125 0.9495192307692307 0.078125 0.08653846153846154
1 0.546875 0.8870192307692307 0.234375 0.21153846153846154
1 0.5625 0.7151442307692307 0.203125 0.28846153846153844
1 0.4651442307692308 0.9411057692307693 0.21153846153846154 0.10096153846153846
1 0.2932692307692308 0.9615384615384616 0.16346153846153846 0.0625
1 0.296875 0.8942307692307693 0.171875 0.10096153846153846
1 0.31971153846153844 0.8245192307692307 0.203125 0.18028846153846154
1 0.36778846153846156 0.734375 0.109375 0.109375
1 0.4723557692307692 0.53125 0.18028846153846154 0.125
1 0.5588942307692307 0.46875 0.055288461538461536 0.078125
1 0.5661057692307693 0.4098557692307692 0.11778846153846154 0.11778846153846154
1 0.5120192307692307 0.34375 0.055288461538461536 0.0625
1 0.5661057692307693 0.3401442307692308 0.06971153846153846 0.06971153846153846
1 0.6322115384615384 0.30528846153846156 0.125 0.125
1 0.3713942307692308 0.2848557692307692 0.25721153846153844 0.31971153846153844
1 0.4567307692307692 0.3713942307692308 0.19471153846153846 0.22596153846153846
1 0.7536057692307693 0.14903846153846154 0.13221153846153846 0.078125
1 0.7151442307692307 0.22235576923076922 0.06971153846153846 0.038461538461538464
1 0.4651442307692308 0.09375 0.10096153846153846 0.046875
1 0.20673076923076922 0.20673076923076922 0.13221153846153846 0.10096153846153846
1 0.06610576923076923 0.3317307692307692 0.11778846153846154 0.11778846153846154
1 0.16346153846153846 0.4098557692307692 0.203125 0.21153846153846154
1 0.22596153846153846 0.265625 0.09375 0.09375
1 0.35096153846153844 0.6526442307692307 0.25 0.49278846153846156
1 0.10576923076923077 0.7884615384615384 0.21153846153846154 0.296875
1 0.15264423076923078 0.5865384615384616 0.11778846153846154 0.21875
1 0.12139423076923077 0.9302884615384616 0.24278846153846154 0.125
1 0.05048076923076923 0.5817307692307693 0.10096153846153846 0.14903846153846154