1 0.6322115384615384 0.7115384615384616 0.234375 0.3125
1 0.703125 0.5865384615384616 0.3125 0.25
1 0.6682692307692307 0.90625 0.24278846153846154 0.140625
1 0.828125 0.796875 0.15625 0.3125
1 0.8990384615384616 0.6490384615384616 0.09375 0.453125
1 0.2536057692307692 0.6754807692307693 0.10096153846153846 0.49278846153846156
1 0.3317307692307692 0.7223557692307693 0.10096153846153846 0.5072115384615384
1 0.4182692307692308 0.8557692307692307 0.14903846153846154 0.27403846153846156
1 0.4254807692307692 0.6177884615384616 0.08653846153846154 0.21875
1 0.47596153846153844 0.578125 0.15625 0.265625
1 0.19471153846153846 0.5745192307692307 0.171875 0.28846153846153844
1 0.234375 0.828125 0.171875 0.203125
1 0.12139423076923077 0.9134615384615384 0.06971153846153846 0.15625
1 0.05889423076923077 0.8509615384615384 0.11778846153846154 0.28125
1 0.05889423076923077 0.7151442307692307 0.10096153846153846 0.14903846153846154
1 0.04326923076923077 0.59375 0.08653846153846154 0.328125
1 0.03485576923076923 0.3088942307692308 0.06971153846153846 0.24278846153846154
1 0.09375 0.35096153846153844 0.140625 0.15625
1 0.5 0.34375 0.6875 0.25
1 0.8942307692307693 0.328125 0.19471153846153846 0.40625
1 0.3401442307692308 0.11298076923076923 0.11778846153846154 0.22596153846153846
1 0.46153846153846156 0.10576923076923077 0.140625 0.21153846153846154
1 0.5697115384615384 0.10576923076923077 0.125 0.21153846153846154
1 0.6754807692307693 0.109375 0.10096153846153846 0.21875
1 0.78125 0.109375 0.125 0.21875
1 0.9134615384615384 0.09375 0.15625 0.1875
1 0.22716346153846154 0.13341346153846154 0.12740384615384615 0.2668269230769231
1 0.15985576923076922 0.140625 0.14903846153846154 0.28125
1 0.06370192307692307 0.13341346153846154 0.12740384615384615 0.2668269230769231
1 0.4963942307692308 0.4963942307692308 0.9927884615384616 0.9927884615384616