1 0.46274038461538464 0.6177884615384616 0.9242788461538461 0.4891826923076923
1 0.5661057692307693 0.3245192307692308 0.8401442307692307 0.390625
0 0.8305288461538461 0.578125 0.15144230769230768 0.14182692307692307
0 0.7956730769230769 0.7127403846153846 0.16947115384615385 0.15504807692307693
0 0.6358173076923077 0.6754807692307693 0.15985576923076922 0.15144230769230768
0 0.6802884615384616 0.5420673076923077 0.15144230769230768 0.13341346153846154
0 0.546875 0.5204326923076923 0.15144230769230768 0.125
0 0.48677884615384615 0.6358173076923077 0.1466346153846154 0.14182692307692307
0 0.35096153846153844 0.6021634615384616 0.14182692307692307 0.13822115384615385
0 0.40625 0.49158653846153844 0.1466346153846154 0.12860576923076922
0 0.27524038461538464 0.4579326923076923 0.13341346153846154 0.10697115384615384
0 0.21995192307692307 0.5709134615384616 0.12860576923076922 0.12860576923076922
0 0.15985576923076922 0.43990384615384615 0.13341346153846154 0.125
0 0.09134615384615384 0.5336538461538461 0.13822115384615385 0.11538461538461539