1 0.5492788461538461 0.1935096153846154 0.28846153846153844 0.21754807692307693
1 0.6514423076923077 0.375 0.18269230769230768 0.18269230769230768
1 0.40384615384615385 0.3641826923076923 0.3016826923076923 0.20432692307692307
1 0.43149038461538464 0.5805288461538461 0.3293269230769231 0.21754807692307693
1 0.6754807692307693 0.5661057692307693 0.16947115384615385 0.19951923076923078
1 0.8197115384615384 0.5552884615384616 0.12860576923076922 0.16947115384615385
1 0.2127403846153846 0.5649038461538461 0.11538461538461539 0.19591346153846154
1 0.12620192307692307 0.7668269230769231 0.23557692307692307 0.2439903846153846
1 0.41346153846153844 0.7956730769230769 0.33774038461538464 0.25721153846153844
1 0.6887019230769231 0.7620192307692307 0.20432692307692307 0.22716346153846154
1 0.8449519230769231 0.7307692307692307 0.15985576923076922 0.18269230769230768
1 0.9266826923076923 0.6887019230769231 0.10216346153846154 0.16947115384615385