1 0.7259615384615384 0.5817307692307693 0.53125 0.7259615384615384
1 0.16346153846153846 0.6322115384615384 0.203125 0.53125
1 0.375 0.6911057692307693 0.359375 0.5240384615384616
1 0.04326923076923077 0.5901442307692307 0.08653846153846154 0.5384615384615384
1 0.3557692307692308 0.23798076923076922 0.36778846153846156 0.08653846153846154
1 0.8822115384615384 0.12860576923076922 0.21875 0.16346153846153846
1 0.3245192307692308 0.13701923076923078 0.16346153846153846 0.055288461538461536
1 0.10216346153846154 0.49278846153846156 0.20432692307692307 0.7211538461538461
1 0.3125 0.5276442307692307 0.328125 0.7427884615384616
1 0.6286057692307693 0.5661057692307693 0.7259615384615384 0.7572115384615384
1 0.06370192307692307 0.07091346153846154 0.12740384615384615 0.14182692307692307
1 0.14903846153846154 0.08173076923076923 0.125 0.10096153846153846
1 0.2932692307692308 0.09735576923076923 0.16346153846153846 0.11778846153846154
1 0.6682692307692307 0.13701923076923078 0.16346153846153846 0.08653846153846154
1 0.5865384615384616 0.12139423076923077 0.359375 0.11778846153846154