1 0.75 0.15264423076923078 0.484375 0.30528846153846156
1 0.7776442307692307 0.6754807692307693 0.43028846153846156 0.6322115384615384
1 0.4338942307692308 0.7067307692307693 0.25721153846153844 0.5697115384615384
1 0.23798076923076922 0.6947115384615384 0.19471153846153846 0.515625
1 0.4182692307692308 0.17548076923076922 0.19471153846153846 0.35096153846153844
1 0.25721153846153844 0.1875 0.171875 0.375
1 0.14423076923076922 0.24278846153846154 0.10096153846153846 0.359375
1 0.06610576923076923 0.3473557692307692 0.08653846153846154 0.21153846153846154
1 0.015625 0.44471153846153844 0.03125 0.140625
1 0.10096153846153846 0.6526442307692307 0.109375 0.36778846153846156
1 0.027644230769230768 0.6490384615384616 0.055288461538461536 0.234375