1 0.4579326923076923 0.4519230769230769 0.1622596153846154 0.36538461538461536
1 0.7451923076923077 0.7367788461538461 0.25841346153846156 0.25841346153846156
1 0.9206730769230769 0.8978365384615384 0.15144230769230768 0.1935096153846154
1 0.7680288461538461 0.9278846153846154 0.1622596153846154 0.1346153846153846
1 0.609375 0.8930288461538461 0.15504807692307693 0.20432692307692307
1 0.5036057692307693 0.7259615384615384 0.2548076923076923 0.25841346153846156
1 0.31490384615384615 0.31971153846153844 0.18028846153846154 0.38221153846153844
1 0.3112980769230769 0.0733173076923077 0.17548076923076922 0.1466346153846154
1 0.30288461538461536 0.6826923076923077 0.1622596153846154 0.3762019230769231
1 0.30288461538461536 0.921875 0.1622596153846154 0.14543269230769232
1 0.14423076923076922 0.6742788461538461 0.15504807692307693 0.3713942307692308
1 0.14783653846153846 0.31490384615384615 0.14783653846153846 0.3605769230769231
1 0.03365384615384615 0.6694711538461539 0.06610576923076923 0.3713942307692308
1 0.03485576923076923 0.9194711538461539 0.06971153846153846 0.1502403846153846
1 0.14182692307692307 0.9242788461538461 0.15865384615384615 0.13942307692307693