1 0.5889423076923077 0.2764423076923077 0.8137019230769231 0.2608173076923077
1 0.4206730769230769 0.4050480769230769 0.6754807692307693 0.2668269230769231
1 0.5697115384615384 0.6382211538461539 0.7668269230769231 0.4723557692307692
1 0.5925480769230769 0.23677884615384615 0.8064903846153846 0.16105769230769232
1 0.5925480769230769 0.2692307692307692 0.8064903846153846 0.14543269230769232
1 0.5973557692307693 0.2860576923076923 0.7980769230769231 0.1310096153846154
1 0.5973557692307693 0.30649038461538464 0.7908653846153846 0.1201923076923077
1 0.5588942307692307 0.3317307692307692 0.6995192307692307 0.1201923076923077
1 0.4206730769230769 0.35697115384615385 0.6682692307692307 0.1502403846153846
1 0.4230769230769231 0.43509615384615385 0.6634615384615384 0.025240384615384616
1 0.4230769230769231 0.46274038461538464 0.6634615384615384 0.030048076923076924
1 0.41947115384615385 0.484375 0.6634615384615384 0.025240384615384616
1 0.4230769230769231 0.5180288461538461 0.65625 0.030048076923076924
1 0.5552884615384616 0.4723557692307692 0.6358173076923077 0.11057692307692307
1 0.5528846153846154 0.5504807692307693 0.6322115384615384 0.025240384615384616
1 0.5552884615384616 0.5600961538461539 0.6286057692307693 0.025240384615384616
1 0.5528846153846154 0.5625 0.7199519230769231 0.06009615384615385
1 0.5673076923076923 0.7331730769230769 0.7475961538461539 0.27163461538461536
1 0.5805288461538461 0.6730769230769231 0.7271634615384616 0.140625
1 0.5697115384615384 0.6754807692307693 0.7355769230769231 0.15625