1 0.36778846153846156 0.7379807692307693 0.234375 0.28846153846153844
1 0.3942307692307692 0.8125 0.16346153846153846 0.15625
1 0.39903846153846156 0.6802884615384616 0.46875 0.421875
1 0.1875 0.7463942307692307 0.140625 0.27403846153846156
1 0.08653846153846154 0.5901442307692307 0.171875 0.5865384615384616
1 0.6526442307692307 0.625 0.6802884615384616 0.53125
1 0.703125 0.4723557692307692 0.578125 0.25721153846153844
1 0.734375 0.39903846153846156 0.515625 0.1875
1 0.7932692307692307 0.3557692307692308 0.39903846153846156 0.16346153846153846
1 0.8473557692307693 0.2848557692307692 0.27403846153846156 0.11778846153846154
1 0.8786057692307693 0.19951923076923078 0.22596153846153846 0.13221153846153846
1 0.15625 0.3401442307692308 0.3125 0.33653846153846156
1 0.265625 0.43028846153846156 0.1875 0.15625
1 0.3713942307692308 0.359375 0.21153846153846154 0.140625
1 0.23076923076923078 0.23798076923076922 0.46153846153846156 0.21153846153846154
1 0.09735576923076923 0.02403846153846154 0.19471153846153846 0.046875
1 0.14903846153846154 0.09014423076923077 0.296875 0.14903846153846154
1 0.4963942307692308 0.16826923076923078 0.49278846153846156 0.27403846153846156
1 0.7572115384615384 0.10576923076923077 0.46875 0.21153846153846154
1 0.3473557692307692 0.02403846153846154 0.27403846153846156 0.046875
1 0.4963942307692308 0.4411057692307692 0.9927884615384616 0.8822115384615384