1 0.8713942307692307 0.8088942307692307 0.25 0.18509615384615385
1 0.9615384615384616 0.5973557692307693 0.06971153846153846 0.35096153846153844
1 0.8786057692307693 0.25841346153846156 0.23798076923076922 0.5168269230769231
1 0.9206730769230769 0.11658653846153846 0.15384615384615385 0.23317307692307693
1 0.9543269230769231 0.0673076923076923 0.08413461538461539 0.1346153846153846
1 0.9711538461538461 0.036057692307692304 0.05048076923076923 0.07211538461538461
1 0.6947115384615384 0.4026442307692308 0.4807692307692308 0.8040865384615384
1 0.8497596153846154 0.6057692307692307 0.07692307692307693 0.45913461538461536
1 0.6418269230769231 0.43028846153846156 0.44591346153846156 0.8605769230769231
1 0.5805288461538461 0.4387019230769231 0.4543269230769231 0.8762019230769231
1 0.5456730769230769 0.44591346153846156 0.46153846153846156 0.8918269230769231
1 0.4963942307692308 0.4483173076923077 0.5 0.8966346153846154
1 0.625 0.6622596153846154 0.15745192307692307 0.46875
1 0.4362980769230769 0.4483173076923077 0.43509615384615385 0.8966346153846154
1 0.37259615384615385 0.4483173076923077 0.3918269230769231 0.8966346153846154
1 0.2956730769230769 0.4483173076923077 0.37740384615384615 0.8966346153846154
1 0.3004807692307692 0.4483173076923077 0.47716346153846156 0.8966346153846154
1 0.19831730769230768 0.4639423076923077 0.3269230769230769 0.8653846153846154
1 0.15985576923076922 0.46875 0.31971153846153844 0.8653846153846154
1 0.11899038461538461 0.703125 0.16947115384615385 0.3870192307692308