1 0.7680288461538461 0.17668269230769232 0.2512019230769231 0.2824519230769231
1 0.8353365384615384 0.4567307692307692 0.18028846153846154 0.18629807692307693
1 0.7920673076923077 0.8137019230769231 0.18870192307692307 0.2824519230769231
1 0.48197115384615385 0.25721153846153844 0.16466346153846154 0.24278846153846154
1 0.5661057692307693 0.31009615384615385 0.16105769230769232 0.22716346153846154
1 0.6033653846153846 0.4543269230769231 0.08653846153846154 0.171875
1 0.484375 0.4951923076923077 0.16826923076923078 0.23197115384615385
1 0.39783653846153844 0.43149038461538464 0.16105769230769232 0.21754807692307693
1 0.140625 0.7884615384615384 0.21153846153846154 0.27283653846153844
1 0.12740384615384615 0.44711538461538464 0.16105769230769232 0.22716346153846154
1 0.20432692307692307 0.16947115384615385 0.3449519230769231 0.2776442307692308