1 0.65625 0.08653846153846154 0.265625 0.171875
1 0.65625 0.27403846153846156 0.265625 0.1875
1 0.6682692307692307 0.4651442307692308 0.27403846153846156 0.19471153846153846
1 0.6754807692307693 0.6682692307692307 0.28846153846153844 0.21153846153846154
1 0.6682692307692307 0.8822115384615384 0.25721153846153844 0.21875
1 0.40625 0.09014423076923077 0.234375 0.18028846153846154
1 0.4026442307692308 0.2776442307692308 0.22596153846153846 0.19471153846153846
1 0.4098557692307692 0.47596153846153844 0.22596153846153846 0.1875
1 0.4182692307692308 0.6682692307692307 0.22596153846153846 0.18028846153846154
1 0.40625 0.8677884615384616 0.21875 0.203125
1 0.17548076923076922 0.109375 0.22596153846153846 0.1875
1 0.17548076923076922 0.2932692307692308 0.22596153846153846 0.18028846153846154
1 0.17548076923076922 0.4723557692307692 0.24278846153846154 0.19471153846153846
1 0.171875 0.671875 0.234375 0.1875
1 0.16826923076923078 0.8557692307692307 0.22596153846153846 0.19471153846153846
1 0.03485576923076923 0.19110576923076922 0.06971153846153846 0.14903846153846154
1 0.03125 0.3317307692307692 0.0625 0.11778846153846154
1 0.027644230769230768 0.484375 0.055288461538461536 0.171875
1 0.027644230769230768 0.6682692307692307 0.055288461538461536 0.19471153846153846
1 0.02403846153846154 0.8677884615384616 0.046875 0.1875
1 0.90625 0.8942307692307693 0.171875 0.19471153846153846
1 0.8870192307692307 0.6947115384615384 0.14903846153846154 0.234375
1 0.9723557692307693 0.734375 0.038461538461538464 0.203125
1 0.9651442307692307 0.5276442307692307 0.055288461538461536 0.22596153846153846
1 0.953125 0.2536057692307692 0.078125 0.30528846153846156
1 0.9411057692307693 0.07091346153846154 0.10336538461538461 0.14182692307692307
1 0.8557692307692307 0.203125 0.13221153846153846 0.296875
1 0.8713942307692307 0.4495192307692308 0.13221153846153846 0.27403846153846156
1 0.8365384615384616 0.02403846153846154 0.09375 0.046875