1 0.6213942307692307 0.4963942307692308 0.7427884615384616 0.9927884615384616
1 0.625 0.921875 0.734375 0.140625
1 0.6322115384615384 0.796875 0.71875 0.28125
1 0.6947115384615384 0.6526442307692307 0.59375 0.18028846153846154
1 0.7427884615384616 0.5901442307692307 0.5 0.13221153846153846
1 0.7932692307692307 0.4807692307692308 0.39903846153846156 0.10096153846153846
1 0.4338942307692308 0.43028846153846156 0.31971153846153844 0.15625
1 0.7151442307692307 0.3161057692307692 0.5552884615384616 0.10096153846153846
1 0.640625 0.10576923076923077 0.703125 0.21153846153846154
1 0.625 0.19951923076923078 0.734375 0.30528846153846156
1 0.18389423076923078 0.5625 0.19471153846153846 0.578125
1 0.1875 0.6009615384615384 0.1875 0.15625
1 0.19110576923076922 0.7692307692307693 0.18028846153846154 0.16346153846153846
1 0.1875 0.328125 0.171875 0.09375
1 0.08653846153846154 0.47596153846153844 0.0625 0.15625