1 0.21875 0.765625 0.4375 0.453125
1 0.3088942307692308 0.7776442307692307 0.44471153846153844 0.43028846153846156
1 0.3161057692307692 0.7463942307692307 0.5384615384615384 0.49278846153846156
1 0.43028846153846156 0.703125 0.859375 0.578125
1 0.484375 0.5384615384615384 0.96875 0.90625
1 0.14903846153846154 0.20673076923076922 0.296875 0.41346153846153844
1 0.2776442307692308 0.08173076923076923 0.30528846153846156 0.16346153846153846
1 0.6598557692307693 0.5552884615384616 0.6634615384615384 0.875
1 0.7752403846153846 0.10216346153846154 0.43990384615384615 0.20432692307692307
1 0.921875 0.31971153846153844 0.140625 0.34375
1 0.4963942307692308 0.4963942307692308 0.9927884615384616 0.9927884615384616