1 0.3088942307692308 0.23197115384615385 0.19591346153846154 0.12620192307692307
1 0.4855769230769231 0.1935096153846154 0.19230769230769232 0.1141826923076923
1 0.5252403846153846 0.26802884615384615 0.22956730769230768 0.109375
1 0.32572115384615385 0.2956730769230769 0.22235576923076922 0.1310096153846154
1 0.5733173076923077 0.3581730769230769 0.25841346153846156 0.14783653846153846
1 0.6418269230769231 0.5108173076923077 0.3088942307692308 0.20192307692307693
1 0.7415865384615384 0.765625 0.39302884615384615 0.45913461538461536
1 0.43149038461538464 0.7980769230769231 0.3894230769230769 0.39302884615384615
1 0.3798076923076923 0.5600961538461539 0.29447115384615385 0.24639423076923078
1 0.3473557692307692 0.41225961538461536 0.2512019230769231 0.16947115384615385
1 0.7632211538461539 0.18629807692307693 0.2764423076923077 0.1971153846153846
1 0.7620192307692307 0.13701923076923078 0.25841346153846156 0.08774038461538461