1 0.9026442307692307 0.734375 0.18028846153846154 0.515625
1 0.7379807692307693 0.7379807692307693 0.16346153846153846 0.5072115384615384
1 0.5817307692307693 0.7620192307692307 0.14903846153846154 0.46153846153846156
1 0.375 0.7427884615384616 0.265625 0.5
1 0.140625 0.765625 0.265625 0.453125
1 0.09735576923076923 0.2692307692307692 0.19471153846153846 0.5384615384615384
1 0.265625 0.24278846153846154 0.15625 0.484375
1 0.421875 0.24278846153846154 0.140625 0.484375
1 0.6009615384615384 0.24639423076923078 0.234375 0.49278846153846156
1 0.84375 0.24639423076923078 0.296875 0.49278846153846156
1 0.4963942307692308 0.4963942307692308 0.9927884615384616 0.9927884615384616