1 0.8701923076923077 0.7127403846153846 0.2283653846153846 0.47475961538461536
1 0.6237980769230769 0.8028846153846154 0.2247596153846154 0.296875
1 0.7463942307692307 0.29927884615384615 0.12860576923076922 0.2283653846153846
1 0.9338942307692307 0.33052884615384615 0.09375 0.203125
1 0.828125 0.10216346153846154 0.125 0.17908653846153846
1 0.828125 0.22235576923076922 0.11899038461538461 0.14783653846153846
1 0.8365384615384616 0.33653846153846156 0.10336538461538461 0.12980769230769232
1 0.4951923076923077 0.2247596153846154 0.3016826923076923 0.4254807692307692
1 0.15865384615384615 0.22235576923076922 0.2860576923076923 0.4326923076923077
1 0.3713942307692308 0.6418269230769231 0.234375 0.28365384615384615
1 0.3713942307692308 0.8245192307692307 0.234375 0.2536057692307692
1 0.11778846153846154 0.7007211538461539 0.22235576923076922 0.41346153846153844
1 0.13701923076923078 0.7836538461538461 0.19591346153846154 0.3088942307692308