1 0.09014423076923077 0.5240384615384616 0.16346153846153846 0.296875
1 0.27403846153846156 0.7115384615384616 0.203125 0.140625
1 0.3401442307692308 0.8677884615384616 0.18028846153846154 0.25
1 0.578125 0.8822115384615384 0.375 0.21875
1 0.4963942307692308 0.7307692307692307 0.16346153846153846 0.16346153846153846
1 0.15264423076923078 0.8822115384615384 0.24278846153846154 0.21875
1 0.05048076923076923 0.875 0.10096153846153846 0.234375
1 0.125 0.7115384615384616 0.25 0.109375
1 0.3004807692307692 0.390625 0.28846153846153844 0.5
1 0.22596153846153846 0.4963942307692308 0.109375 0.27403846153846156
1 0.046875 0.6009615384615384 0.09375 0.140625
1 0.08173076923076923 0.22235576923076922 0.16346153846153846 0.44471153846153844
1 0.609375 0.2776442307692308 0.328125 0.38221153846153844
1 0.6009615384615384 0.5661057692307693 0.3125 0.21153846153846154
1 0.6634615384615384 0.6911057692307693 0.203125 0.18028846153846154