1 0.8425480769230769 0.4375 0.1466346153846154 0.16466346153846154
1 0.7091346153846154 0.4338942307692308 0.12860576923076922 0.1466346153846154
1 0.8485576923076923 0.578125 0.14182692307692307 0.15144230769230768
1 0.7752403846153846 0.625 0.19110576923076922 0.057692307692307696
1 0.7620192307692307 0.6514423076923077 0.17307692307692307 0.04927884615384615
1 0.8161057692307693 0.6622596153846154 0.2980769230769231 0.0625
1 0.7115384615384616 0.5649038461538461 0.125 0.125
1 0.5805288461538461 0.43990384615384615 0.13822115384615385 0.14182692307692307
1 0.5757211538461539 0.5649038461538461 0.1466346153846154 0.14182692307692307
1 0.44711538461538464 0.4423076923076923 0.12860576923076922 0.12860576923076922
1 0.4375 0.5685096153846154 0.1201923076923077 0.13341346153846154
1 0.5204326923076923 0.6574519230769231 0.2932692307692308 0.07091346153846154
1 0.3293269230769231 0.5024038461538461 0.10697115384615384 0.18629807692307693
1 0.2932692307692308 0.6153846153846154 0.15985576923076922 0.09375
1 0.25600961538461536 0.6550480769230769 0.09375 0.03125
1 0.21995192307692307 0.43509615384615385 0.19110576923076922 0.2848557692307692
1 0.12259615384615384 0.5805288461538461 0.19110576923076922 0.2091346153846154