1 0.7992788461538461 0.35096153846153844 0.08173076923076923 0.35096153846153844
1 0.7920673076923077 0.6778846153846154 0.054086538461538464 0.28125
1 0.7451923076923077 0.5492788461538461 0.109375 0.3858173076923077
1 0.6646634615384616 0.2776442307692308 0.07091346153846154 0.2512019230769231
1 0.6057692307692307 0.4387019230769231 0.08173076923076923 0.3269230769230769
1 0.6526442307692307 0.7451923076923077 0.06850961538461539 0.2860576923076923
1 0.5865384615384616 0.7451923076923077 0.06490384615384616 0.2860576923076923
1 0.5204326923076923 0.7487980769230769 0.07451923076923077 0.28125
1 0.5456730769230769 0.37740384615384615 0.09134615384615384 0.4735576923076923
1 0.4266826923076923 0.4675480769230769 0.08533653846153846 0.4675480769230769
1 0.43990384615384615 0.6634615384615384 0.06490384615384616 0.31009615384615385
1 0.3605769230769231 0.2283653846153846 0.08173076923076923 0.2692307692307692
1 0.30408653846153844 0.49158653846153844 0.10576923076923077 0.3269230769230769
1 0.34375 0.7391826923076923 0.0889423076923077 0.26322115384615385
1 0.13942307692307693 0.6838942307692307 0.08173076923076923 0.25721153846153844
1 0.18389423076923078 0.49158653846153844 0.109375 0.4206730769230769
1 0.23798076923076922 0.7920673076923077 0.08173076923076923 0.1935096153846154
1 0.2247596153846154 0.3245192307692308 0.09495192307692307 0.32211538461538464
4 0.7716346153846154 0.33052884615384615 0.03365384615384615 0.028846153846153848
4 0.7944711538461539 0.5288461538461539 0.030048076923076924 0.040865384615384616
4 0.7980769230769231 0.16706730769230768 0.030048076923076924 0.028846153846153848
4 0.6694711538461539 0.1466346153846154 0.027644230769230768 0.02283653846153846
4 0.5540865384615384 0.12620192307692307 0.027644230769230768 0.028846153846153848
4 0.41947115384615385 0.21634615384615385 0.037259615384615384 0.046875
4 0.38461538461538464 0.09615384615384616 0.027644230769230768 0.028846153846153848
4 0.4375 0.49399038461538464 0.037259615384615384 0.028846153846153848
4 0.17668269230769232 0.2980769230769231 0.03365384615384615 0.02283653846153846
4 0.23677884615384615 0.15745192307692307 0.037259615384615384 0.03485576923076923