1 0.8990384615384616 0.8004807692307693 0.1875 0.38221153846153844
1 0.890625 0.6322115384615384 0.125 0.21875
1 0.9182692307692307 0.53125 0.14903846153846154 0.15625
1 0.8942307692307693 0.38221153846153844 0.11778846153846154 0.09375
1 0.96875 0.2692307692307692 0.046875 0.14903846153846154
1 0.96875 0.4026442307692308 0.046875 0.10096153846153846
1 0.828125 0.421875 0.09375 0.125
1 0.05889423076923077 0.21153846153846154 0.11778846153846154 0.28125
1 0.15625 0.24639423076923078 0.109375 0.21153846153846154
1 0.24278846153846154 0.2692307692307692 0.078125 0.18028846153846154
1 0.3161057692307692 0.296875 0.06971153846153846 0.1875
1 0.3870192307692308 0.3125 0.06971153846153846 0.140625
1 0.4375 0.3245192307692308 0.0625 0.13221153846153846
1 0.49278846153846156 0.3401442307692308 0.046875 0.10096153846153846
1 0.53125 0.3557692307692308 0.03125 0.10096153846153846
1 0.5625 0.3557692307692308 0.03125 0.10096153846153846
1 0.59375 0.3786057692307692 0.03125 0.06971153846153846
1 0.6286057692307693 0.3942307692307692 0.02403846153846154 0.06971153846153846
1 0.671875 0.484375 0.078125 0.125
1 0.7307692307692307 0.4723557692307692 0.055288461538461536 0.10096153846153846
1 0.08173076923076923 0.4723557692307692 0.16346153846153846 0.24278846153846154
1 0.21153846153846154 0.4182692307692308 0.09375 0.11778846153846154
1 0.28846153846153844 0.421875 0.078125 0.109375
1 0.359375 0.4254807692307692 0.09375 0.08653846153846154
1 0.4411057692307692 0.4254807692307692 0.08653846153846154 0.06971153846153846
1 0.5072115384615384 0.4254807692307692 0.046875 0.055288461538461536
1 0.546875 0.43028846153846156 0.03125 0.046875
1 0.578125 0.4338942307692308 0.046875 0.038461538461538464
1 0.6057692307692307 0.4375 0.02403846153846154 0.015625
1 0.13221153846153846 0.5697115384615384 0.234375 0.1875
1 0.28846153846153844 0.546875 0.078125 0.140625
1 0.36778846153846156 0.53125 0.0625 0.125
1 0.453125 0.5120192307692307 0.09375 0.10096153846153846
1 0.5432692307692307 0.5036057692307693 0.08653846153846154 0.08653846153846154
1 0.6057692307692307 0.5036057692307693 0.055288461538461536 0.08653846153846154
1 0.13341346153846154 0.7427884615384616 0.2668269230769231 0.20673076923076922
1 0.30528846153846156 0.6802884615384616 0.09375 0.140625
1 0.3786057692307692 0.6490384615384616 0.06971153846153846 0.125
1 0.4651442307692308 0.6129807692307693 0.08653846153846154 0.10096153846153846
1 0.546875 0.5865384615384616 0.078125 0.078125
1 0.6057692307692307 0.5588942307692307 0.038461538461538464 0.038461538461538464