1 0.7259615384615384 0.2620192307692308 0.15625 0.11778846153846154
1 0.8677884615384616 0.2848557692307692 0.125 0.11778846153846154
1 0.953125 0.4098557692307692 0.078125 0.13221153846153846
1 0.9495192307692307 0.5192307692307693 0.08653846153846154 0.10096153846153846
1 0.9495192307692307 0.6322115384615384 0.08653846153846154 0.109375
1 0.859375 0.4026442307692308 0.109375 0.11778846153846154
1 0.8473557692307693 0.5192307692307693 0.10096153846153846 0.10096153846153846
1 0.8473557692307693 0.6286057692307693 0.11778846153846154 0.11778846153846154
1 0.7115384615384616 0.6490384615384616 0.15625 0.125
1 0.7151442307692307 0.515625 0.14903846153846154 0.140625
1 0.7223557692307693 0.390625 0.14903846153846154 0.125
1 0.5697115384615384 0.265625 0.15625 0.125
1 0.5661057692307693 0.390625 0.14903846153846154 0.125
1 0.5661057692307693 0.5240384615384616 0.13221153846153846 0.125
1 0.5625 0.640625 0.140625 0.125
1 0.4182692307692308 0.25721153846153844 0.14903846153846154 0.125
1 0.41346153846153844 0.3870192307692308 0.140625 0.13221153846153846
1 0.41346153846153844 0.515625 0.15625 0.125
1 0.4098557692307692 0.640625 0.16346153846153846 0.125
1 0.27403846153846156 0.25721153846153844 0.140625 0.125
1 0.2620192307692308 0.3870192307692308 0.16346153846153846 0.11778846153846154
1 0.25721153846153844 0.5072115384615384 0.15625 0.125
1 0.25721153846153844 0.6370192307692307 0.15625 0.13221153846153846
1 0.12860576923076922 0.265625 0.14903846153846154 0.140625
1 0.11778846153846154 0.3942307692307692 0.140625 0.11778846153846154
1 0.109375 0.515625 0.140625 0.109375
1 0.11298076923076923 0.6322115384615384 0.13221153846153846 0.125