1 0.5552884615384616 0.4338942307692308 0.296875 0.22596153846153846
1 0.6995192307692307 0.6370192307692307 0.39903846153846156 0.19471153846153846
1 0.7848557692307693 0.41346153846153844 0.21153846153846154 0.328125
1 0.125 0.19951923076923078 0.25 0.39903846153846156
1 0.08653846153846154 0.5072115384615384 0.171875 0.21875
1 0.21514423076923078 0.765625 0.31971153846153844 0.328125
1 0.359375 0.9182692307692307 0.34375 0.14903846153846154
1 0.8052884615384616 0.8990384615384616 0.375 0.1875
1 0.71875 0.8557692307692307 0.3125 0.22596153846153846
1 0.5 0.7884615384615384 0.171875 0.203125
1 0.90625 0.46875 0.078125 0.21875
1 0.8870192307692307 0.8557692307692307 0.21153846153846154 0.27403846153846156
1 0.3401442307692308 0.11778846153846154 0.21153846153846154 0.1875
1 0.6286057692307693 0.0625 0.18028846153846154 0.125
1 0.8942307692307693 0.03485576923076923 0.19471153846153846 0.06971153846153846
1 0.921875 0.15264423076923078 0.140625 0.16346153846153846
1 0.828125 0.13701923076923078 0.328125 0.25721153846153844
1 0.5432692307692307 0.18389423076923078 0.22596153846153846 0.27403846153846156
1 0.390625 0.3004807692307692 0.28125 0.18028846153846154
1 0.2932692307692308 0.546875 0.27403846153846156 0.40625
1 0.10576923076923077 0.4963942307692308 0.21153846153846154 0.19471153846153846
1 0.09014423076923077 0.84375 0.18028846153846154 0.296875
1 0.4651442307692308 0.03125 0.16346153846153846 0.0625