1 0.7740384615384616 0.5120192307692307 0.30649038461538464 0.5084134615384616
1 0.8100961538461539 0.1658653846153846 0.24759615384615385 0.2860576923076923
1 0.5516826923076923 0.3485576923076923 0.19831730769230768 0.44591346153846156
1 0.6189903846153846 0.6394230769230769 0.1502403846153846 0.18269230769230768
1 0.609375 0.7596153846153846 0.13221153846153846 0.14903846153846154
1 0.45072115384615385 0.6802884615384616 0.18509615384615385 0.18269230769230768
1 0.453125 0.8197115384615384 0.2091346153846154 0.1658653846153846
1 0.3798076923076923 0.46875 0.27884615384615385 0.38822115384615385
1 0.16947115384615385 0.4879807692307692 0.1502403846153846 0.3485576923076923
1 0.12740384615384615 0.7572115384615384 0.19110576923076922 0.234375
1 0.23197115384615385 0.8173076923076923 0.19110576923076922 0.296875
1 0.2824519230769231 0.7199519230769231 0.125 0.2512019230769231