1 0.859375 0.6947115384615384 0.265625 0.59375
1 0.5901442307692307 0.8557692307692307 0.25721153846153844 0.27403846153846156
1 0.6322115384615384 0.5625 0.1875 0.3125
1 0.3004807692307692 0.796875 0.38221153846153844 0.390625
1 0.13341346153846154 0.7536057692307693 0.2668269230769231 0.47836538461538464
1 0.421875 0.4567307692307692 0.4375 0.35096153846153844
1 0.6129807692307693 0.5240384615384616 0.25721153846153844 0.359375
1 0.8870192307692307 0.33653846153846156 0.21153846153846154 0.109375
1 0.640625 0.24278846153846154 0.28125 0.1875
1 0.8317307692307693 0.3125 0.31971153846153844 0.25
1 0.8401442307692307 0.16346153846153846 0.30528846153846156 0.15625
1 0.875 0.078125 0.234375 0.109375
1 0.6598557692307693 0.08173076923076923 0.19471153846153846 0.16346153846153846
1 0.2776442307692308 0.03125 0.5552884615384616 0.0625
1 0.07091346153846154 0.11778846153846154 0.14182692307692307 0.11057692307692307
1 0.20673076923076922 0.08173076923076923 0.13221153846153846 0.06971153846153846
1 0.4495192307692308 0.15625 0.33653846153846156 0.203125
1 0.3004807692307692 0.21875 0.44471153846153844 0.265625
1 0.15985576923076922 0.38221153846153844 0.31971153846153844 0.40625
1 0.4963942307692308 0.4963942307692308 0.9927884615384616 0.9927884615384616