1 0.49278846153846156 0.5528846153846154 0.9423076923076923 0.7427884615384616
1 0.42427884615384615 0.47596153846153844 0.36899038461538464 0.40865384615384615
1 0.49278846153846156 0.36658653846153844 0.3557692307692308 0.2536057692307692
1 0.5841346153846154 0.3269230769230769 0.421875 0.2439903846153846
1 0.6358173076923077 0.28725961538461536 0.40024038461538464 0.21754807692307693
1 0.6911057692307693 0.25721153846153844 0.37740384615384615 0.1778846153846154
1 0.7512019230769231 0.2403846153846154 0.40865384615384615 0.15144230769230768
1 0.6802884615384616 0.5961538461538461 0.5600961538461539 0.6574519230769231
1 0.21995192307692307 0.7151442307692307 0.37740384615384615 0.40865384615384615
1 0.31971153846153844 0.6550480769230769 0.24879807692307693 0.18269230769230768
1 0.15745192307692307 0.45072115384615385 0.23557692307692307 0.3245192307692308