1 0.78125 0.609375 0.328125 0.75
1 0.8990384615384616 0.7776442307692307 0.1875 0.43028846153846156
1 0.5817307692307693 0.7776442307692307 0.21153846153846154 0.41346153846153844
1 0.8942307692307693 0.25841346153846156 0.1971153846153846 0.5168269230769231
1 0.43028846153846156 0.3004807692307692 0.265625 0.6009615384615384
1 0.6875 0.11298076923076923 0.171875 0.22596153846153846
1 0.5552884615384616 0.10216346153846154 0.09615384615384616 0.20432692307692307
1 0.6754807692307693 0.31971153846153844 0.21153846153846154 0.34375
1 0.12860576923076922 0.2536057692307692 0.25721153846153844 0.5072115384615384
1 0.039663461538461536 0.4074519230769231 0.07932692307692307 0.31490384615384615
1 0.1875 0.8365384615384616 0.375 0.3125
1 0.3629807692307692 0.6838942307692307 0.24278846153846154 0.6177884615384616
1 0.10576923076923077 0.6490384615384616 0.21153846153846154 0.203125
1 0.4963942307692308 0.4963942307692308 0.9927884615384616 0.9927884615384616