1 0.5072115384615384 0.13701923076923078 0.1875 0.27403846153846156
1 0.359375 0.3088942307692308 0.140625 0.27403846153846156
1 0.640625 0.4026442307692308 0.21875 0.24278846153846154
1 0.6598557692307693 0.59375 0.24278846153846154 0.25
1 0.8004807692307693 0.8245192307692307 0.10096153846153846 0.18028846153846154
1 0.6754807692307693 0.8161057692307693 0.16346153846153846 0.25721153846153844
1 0.5120192307692307 0.8245192307692307 0.18028846153846154 0.30528846153846156
1 0.359375 0.8557692307692307 0.1875 0.25721153846153844
1 0.21875 0.6009615384615384 0.140625 0.28125
1 0.22596153846153846 0.8401442307692307 0.125 0.22596153846153846
1 0.3557692307692308 0.5817307692307693 0.16346153846153846 0.28846153846153844
1 0.4963942307692308 0.6009615384615384 0.16346153846153846 0.203125
1 0.4963942307692308 0.3942307692307692 0.22596153846153846 0.24278846153846154