1 0.7259615384615384 0.24158653846153846 0.27283653846153844 0.16826923076923078
1 0.7151442307692307 0.42908653846153844 0.22956730769230768 0.25
1 0.7415865384615384 0.7151442307692307 0.15264423076923078 0.3425480769230769
1 0.6021634615384616 0.7199519230769231 0.25841346153846156 0.22235576923076922
1 0.65625 0.8641826923076923 0.265625 0.20673076923076922
1 0.5649038461538461 0.2608173076923077 0.16346153846153846 0.2283653846153846
1 0.6177884615384616 0.5060096153846154 0.23317307692307693 0.2824519230769231
1 0.39663461538461536 0.24158653846153846 0.17427884615384615 0.3317307692307692
1 0.4579326923076923 0.4651442307692308 0.08052884615384616 0.16826923076923078
1 0.5144230769230769 0.5709134615384616 0.1346153846153846 0.11899038461538461
1 0.29086538461538464 0.5192307692307693 0.2620192307692308 0.2776442307692308
1 0.3233173076923077 0.7223557692307693 0.28365384615384615 0.2283653846153846
1 0.38341346153846156 0.8665865384615384 0.27283653846153844 0.21153846153846154
1 0.17067307692307693 0.39663461538461536 0.18870192307692307 0.36899038461538464
1 0.14543269230769232 0.7475961538461539 0.17427884615384615 0.375