1 0.7608173076923077 0.6382211538461539 0.22716346153846154 0.44591346153846156
1 0.7920673076923077 0.25 0.1201923076923077 0.35697115384615385
1 0.6514423076923077 0.27283653846153844 0.16947115384615385 0.4110576923076923
1 0.24759615384615385 0.4014423076923077 0.23677884615384615 0.7584134615384616
1 0.46033653846153844 0.23197115384615385 0.19591346153846154 0.35697115384615385
1 0.5024038461538461 0.3389423076923077 0.12980769230769232 0.10697115384615384
1 0.5180288461538461 0.46033653846153844 0.25 0.14302884615384615
1 0.546875 0.6514423076923077 0.21875 0.26802884615384615
1 0.6141826923076923 0.8329326923076923 0.20072115384615385 0.16466346153846154
1 0.38221153846153844 0.84375 0.27283653846153844 0.2764423076923077
1 0.328125 0.6177884615384616 0.20072115384615385 0.4423076923076923