1 0.6887019230769231 0.18629807692307693 0.15625 0.17427884615384615
1 0.7403846153846154 0.3629807692307692 0.22956730769230768 0.22355769230769232
1 0.7704326923076923 0.5240384615384616 0.33413461538461536 0.21875
1 0.7103365384615384 0.5793269230769231 0.3161057692307692 0.21875
1 0.7295673076923077 0.7764423076923077 0.29447115384615385 0.28365384615384615
1 0.7584134615384616 0.7163461538461539 0.29447115384615385 0.20793269230769232
1 0.44350961538461536 0.3329326923076923 0.16706730769230768 0.0985576923076923
1 0.44711538461538464 0.4266826923076923 0.28365384615384615 0.15264423076923078
1 0.49278846153846156 0.48677884615384615 0.19951923076923078 0.22956730769230768
1 0.4362980769230769 0.5060096153846154 0.2403846153846154 0.09254807692307693
1 0.45072115384615385 0.6526442307692307 0.2980769230769231 0.19110576923076922
1 0.4074519230769231 0.7512019230769231 0.30528846153846156 0.16947115384615385
1 0.4074519230769231 0.8497596153846154 0.3557692307692308 0.15865384615384615
1 0.19591346153846154 0.4891826923076923 0.23317307692307693 0.22355769230769232
1 0.1814903846153846 0.65625 0.24759615384615385 0.3605769230769231
1 0.10216346153846154 0.6802884615384616 0.05048076923076923 0.19110576923076922