1 0.671875 0.24639423076923078 0.375 0.21153846153846154
1 0.296875 0.3629807692307692 0.25 0.11778846153846154
1 0.7932692307692307 0.6634615384615384 0.25721153846153844 0.21875
1 0.6322115384615384 0.7740384615384616 0.328125 0.265625
1 0.8365384615384616 0.8401442307692307 0.1875 0.16346153846153846
1 0.6442307692307693 0.5865384615384616 0.24278846153846154 0.21875
1 0.8713942307692307 0.609375 0.19471153846153846 0.1875
1 0.3473557692307692 0.5552884615384616 0.43028846153846156 0.359375
1 0.125 0.6802884615384616 0.25 0.21875
1 0.078125 0.5348557692307693 0.140625 0.08653846153846154
1 0.23076923076923078 0.40625 0.35096153846153844 0.1875
1 0.3942307692307692 0.4254807692307692 0.6802884615384616 0.30528846153846156