1 0.39302884615384615 0.40024038461538464 0.7067307692307693 0.44471153846153844
1 0.5048076923076923 0.5841346153846154 0.7872596153846154 0.5997596153846154
1 0.6862980769230769 0.35096153846153844 0.17307692307692307 0.125
1 0.7427884615384616 0.3088942307692308 0.0625 0.04927884615384615
1 0.3894230769230769 0.41947115384615385 0.18269230769230768 0.1201923076923077
1 0.27524038461538464 0.4891826923076923 0.1778846153846154 0.20432692307692307
4 0.4423076923076923 0.34615384615384615 0.07572115384615384 0.052884615384615384
4 0.49278846153846156 0.40384615384615385 0.0889423076923077 0.052884615384615384
4 0.49158653846153844 0.3641826923076923 0.057692307692307696 0.07091346153846154
4 0.5372596153846154 0.3581730769230769 0.052884615384615384 0.06610576923076923
4 0.5913461538461539 0.3737980769230769 0.09735576923076923 0.0889423076923077
4 0.8617788461538461 0.2980769230769231 0.16947115384615385 0.1778846153846154