1 0.11298076923076923 0.6875 0.22596153846153846 0.265625
1 0.23076923076923078 0.7932692307692307 0.46153846153846156 0.31971153846153844
1 0.375 0.828125 0.453125 0.25
1 0.5901442307692307 0.84375 0.33653846153846156 0.203125
1 0.7848557692307693 0.8713942307692307 0.41346153846153844 0.16346153846153846
1 0.8052884615384616 0.7115384615384616 0.375 0.375
1 0.7536057692307693 0.5865384615384616 0.47596153846153844 0.296875
1 0.9615384615384616 0.3713942307692308 0.0625 0.14903846153846154
1 0.8509615384615384 0.46153846153846156 0.171875 0.09375
1 0.8822115384615384 0.375 0.09375 0.0625
1 0.7379807692307693 0.5072115384615384 0.08653846153846154 0.15625
1 0.546875 0.49278846153846156 0.265625 0.125
1 0.5745192307692307 0.5588942307692307 0.25721153846153844 0.14903846153846154
1 0.7463942307692307 0.3629807692307692 0.33653846153846156 0.24278846153846154
1 0.5552884615384616 0.3557692307692308 0.640625 0.31971153846153844
1 0.4182692307692308 0.421875 0.30528846153846156 0.265625
1 0.09375 0.5348557692307693 0.1875 0.19471153846153846
1 0.23076923076923078 0.4807692307692308 0.11778846153846154 0.16346153846153846
1 0.07091346153846154 0.17307692307692307 0.14182692307692307 0.22115384615384615
1 0.19110576923076922 0.28846153846153844 0.38221153846153844 0.296875
1 0.5697115384615384 0.15985576923076922 0.390625 0.06971153846153846
1 0.5661057692307693 0.234375 0.35096153846153844 0.1875
1 0.41346153846153844 0.4254807692307692 0.28125 0.18028846153846154