1 0.625 0.3473557692307692 0.3125 0.27403846153846156
1 0.5625 0.3317307692307692 0.4375 0.30528846153846156
1 0.8401442307692307 0.515625 0.13221153846153846 0.25
1 0.9411057692307693 0.5192307692307693 0.10096153846153846 0.24278846153846154
1 0.765625 0.5865384615384616 0.109375 0.234375
1 0.5588942307692307 0.6213942307692307 0.47596153846153844 0.36778846153846156
1 0.3088942307692308 0.6875 0.39903846153846156 0.46875
1 0.328125 0.6838942307692307 0.140625 0.22596153846153846
1 0.140625 0.453125 0.109375 0.125
1 0.25 0.453125 0.09375 0.09375
1 0.3245192307692308 0.4098557692307692 0.10096153846153846 0.10096153846153846
4 0.8870192307692307 0.28846153846153844 0.21153846153846154 0.1875
4 0.8822115384615384 0.140625 0.21875 0.1875
4 0.6490384615384616 0.15264423076923078 0.203125 0.11778846153846154
4 0.07451923076923077 0.6286057692307693 0.13221153846153846 0.27403846153846156