1 0.8521634615384616 0.5300480769230769 0.25841346153846156 0.48677884615384615
1 0.9098557692307693 0.23197115384615385 0.17307692307692307 0.11057692307692307
1 0.8365384615384616 0.1466346153846154 0.2620192307692308 0.2704326923076923
1 0.7620192307692307 0.2848557692307692 0.10817307692307693 0.0829326923076923
1 0.6658653846153846 0.6189903846153846 0.4963942307692308 0.47475961538461536
1 0.7451923076923077 0.8449519230769231 0.29447115384615385 0.13221153846153846
1 0.640625 0.6382211538461539 0.35216346153846156 0.30408653846153844
1 0.6706730769230769 0.2127403846153846 0.18389423076923078 0.33653846153846156
1 0.6237980769230769 0.22956730769230768 0.14783653846153846 0.31490384615384615
1 0.5877403846153846 0.09975961538461539 0.03245192307692308 0.04447115384615385
1 0.484375 0.22596153846153846 0.1622596153846154 0.32091346153846156
1 0.27524038461538464 0.16346153846153846 0.33413461538461536 0.25961538461538464
1 0.11298076923076923 0.17668269230769232 0.14783653846153846 0.23197115384615385
1 0.2824519230769231 0.37259615384615385 0.4206730769230769 0.23798076923076922
1 0.25721153846153844 0.30408653846153844 0.4639423076923077 0.22115384615384615
1 0.1346153846153846 0.6021634615384616 0.09014423076923077 0.21033653846153846
1 0.2860576923076923 0.6935096153846154 0.2692307692307692 0.6021634615384616
1 0.4098557692307692 0.6983173076923077 0.13701923076923078 0.5132211538461539
1 0.5264423076923077 0.8677884615384616 0.140625 0.22115384615384615
1 0.11177884615384616 0.8365384615384616 0.2091346153846154 0.2704326923076923
1 0.5576923076923077 0.44711538461538464 0.35216346153846156 0.12139423076923077