1 0.3016826923076923 0.41466346153846156 0.6033653846153846 0.8293269230769231
1 0.7439903846153846 0.22716346153846154 0.5024038461538461 0.4543269230769231
1 0.453125 0.3557692307692308 0.34375 0.28846153846153844
1 0.44471153846153844 0.49278846153846156 0.625 0.359375
1 0.4807692307692308 0.5901442307692307 0.6634615384615384 0.44471153846153844
1 0.44471153846153844 0.6322115384615384 0.734375 0.5
1 0.6177884615384616 0.6370192307692307 0.5625 0.44471153846153844
1 0.171875 0.8786057692307693 0.34375 0.22596153846153846
1 0.5348557692307693 0.8942307692307693 0.7572115384615384 0.19471153846153846
1 0.8629807692307693 0.7427884615384616 0.19471153846153846 0.234375
1 0.9411057692307693 0.5745192307692307 0.10096153846153846 0.30528846153846156