1 0.6995192307692307 0.8125 0.38221153846153844 0.203125
1 0.7067307692307693 0.7151442307692307 0.35096153846153844 0.10096153846153846
1 0.6838942307692307 0.6009615384615384 0.41346153846153844 0.15625
1 0.6754807692307693 0.46875 0.44471153846153844 0.125
1 0.8052884615384616 0.3713942307692308 0.171875 0.06971153846153846
1 0.8125 0.30528846153846156 0.171875 0.078125
1 0.8088942307692307 0.22596153846153846 0.18028846153846154 0.09375
1 0.5817307692307693 0.17548076923076922 0.28846153846153844 0.16346153846153846
1 0.5865384615384616 0.3004807692307692 0.28125 0.19471153846153846
1 0.21514423076923078 0.15625 0.43028846153846156 0.171875
1 0.234375 0.2620192307692308 0.421875 0.27403846153846156
1 0.2536057692307692 0.421875 0.30528846153846156 0.1875
1 0.43028846153846156 0.4495192307692308 0.0625 0.11778846153846154
1 0.1875 0.44471153846153844 0.3125 0.171875
1 0.30528846153846156 0.7067307692307693 0.5 0.39903846153846156