1 0.8930288461538461 0.671875 0.12740384615384615 0.3016826923076923
1 0.6766826923076923 0.6947115384615384 0.11658653846153846 0.28966346153846156
1 0.46875 0.7103365384615384 0.13341346153846154 0.28365384615384615
1 0.25600961538461536 0.7367788461538461 0.13701923076923078 0.3016826923076923
1 0.057692307692307696 0.7548076923076923 0.11538461538461539 0.2932692307692308
1 0.8509615384615384 0.30528846153846156 0.12379807692307693 0.23076923076923078
1 0.9879807692307693 0.31009615384615385 0.016826923076923076 0.21875
1 0.6995192307692307 0.28125 0.1466346153846154 0.23076923076923078
1 0.5564903846153846 0.2608173076923077 0.14423076923076922 0.23677884615384615
1 0.40625 0.23317307692307693 0.1502403846153846 0.23076923076923078
1 0.2764423076923077 0.20432692307692307 0.15745192307692307 0.23076923076923078
1 0.125 0.171875 0.15745192307692307 0.2247596153846154
1 0.037259615384615384 0.15384615384615385 0.0733173076923077 0.2127403846153846