1 0.6875 0.9302884615384616 0.609375 0.125
1 0.46875 0.7692307692307693 0.328125 0.44471153846153844
1 0.7259615384615384 0.625 0.53125 0.5625
1 0.17548076923076922 0.7067307692307693 0.35096153846153844 0.5697115384615384
1 0.6995192307692307 0.4495192307692308 0.5865384615384616 0.33653846153846156
1 0.828125 0.34375 0.328125 0.296875
1 0.8401442307692307 0.16826923076923078 0.27403846153846156 0.21153846153846154
1 0.7848557692307693 0.04326923076923077 0.25721153846153844 0.08653846153846154
1 0.9098557692307693 0.07451923076923077 0.08653846153846154 0.06971153846153846
1 0.5036057692307693 0.10096153846153846 0.11778846153846154 0.140625
1 0.5552884615384616 0.19951923076923078 0.3125 0.31971153846153844
1 0.36778846153846156 0.3401442307692308 0.1875 0.35096153846153844
1 0.3786057692307692 0.07451923076923077 0.14903846153846154 0.14903846153846154
1 0.53125 0.0625 0.265625 0.125
1 0.23076923076923078 0.22235576923076922 0.46153846153846156 0.44471153846153844
1 0.21153846153846154 0.31971153846153844 0.421875 0.609375
1 0.4963942307692308 0.4963942307692308 0.9927884615384616 0.9927884615384616