1 0.9338942307692307 0.8677884615384616 0.11778846153846154 0.15625
1 0.9338942307692307 0.6286057692307693 0.11778846153846154 0.33653846153846156
1 0.9723557692307693 0.4182692307692308 0.038461538461538464 0.08653846153846154
1 0.9759615384615384 0.31971153846153844 0.03125 0.125
1 0.9447115384615384 0.14423076923076922 0.09375 0.19471153846153846
1 0.90625 0.359375 0.109375 0.21875
1 0.8713942307692307 0.640625 0.14903846153846154 0.3125
1 0.84375 0.796875 0.0625 0.125
1 0.7259615384615384 0.8401442307692307 0.296875 0.21153846153846154
1 0.6129807692307693 0.8990384615384616 0.14903846153846154 0.09375
1 0.5661057692307693 0.8401442307692307 0.16346153846153846 0.21153846153846154
1 0.6995192307692307 0.7427884615384616 0.22596153846153846 0.1875
1 0.703125 0.49278846153846156 0.171875 0.3125
1 0.8245192307692307 0.4723557692307692 0.14903846153846154 0.31971153846153844
1 0.8677884615384616 0.19951923076923078 0.140625 0.24278846153846154
1 0.9375 0.039663461538461536 0.11057692307692307 0.07932692307692307
1 0.8317307692307693 0.039663461538461536 0.1201923076923077 0.07932692307692307
1 0.07091346153846154 0.0829326923076923 0.14182692307692307 0.1658653846153846
1 0.13221153846153846 0.027644230769230768 0.109375 0.055288461538461536
1 0.23076923076923078 0.02403846153846154 0.08653846153846154 0.046875
1 0.21153846153846154 0.21153846153846154 0.125 0.390625
1 0.33653846153846156 0.18389423076923078 0.125 0.36778846153846156
1 0.4495192307692308 0.16346153846153846 0.11778846153846154 0.15625
1 0.4254807692307692 0.05889423076923077 0.11778846153846154 0.11778846153846154
1 0.46875 0.019230769230769232 0.078125 0.038461538461538464
1 0.4651442307692308 0.859375 0.08653846153846154 0.15625
1 0.46153846153846156 0.7692307692307693 0.09375 0.06971153846153846
1 0.44471153846153844 0.6286057692307693 0.078125 0.21153846153846154
1 0.5276442307692307 0.6634615384615384 0.08653846153846154 0.140625
1 0.5504807692307693 0.6947115384615384 0.055288461538461536 0.046875
1 0.5745192307692307 0.5865384615384616 0.10096153846153846 0.15625
1 0.5072115384615384 0.4098557692307692 0.21875 0.31971153846153844
1 0.38221153846153844 0.38221153846153844 0.125 0.28125
1 0.6875 0.22596153846153846 0.234375 0.171875
1 0.75 0.2932692307692308 0.09375 0.10096153846153846
1 0.640625 0.30528846153846156 0.078125 0.078125
1 0.6442307692307693 0.07451923076923077 0.27403846153846156 0.14903846153846154
1 0.5348557692307693 0.19471153846153846 0.055288461538461536 0.109375
1 0.34375 0.8365384615384616 0.15625 0.203125
1 0.18028846153846154 0.90625 0.171875 0.0625
1 0.3629807692307692 0.7427884615384616 0.11778846153846154 0.1875
1 0.21514423076923078 0.703125 0.28846153846153844 0.46875
1 0.27403846153846156 0.5192307692307693 0.25 0.22596153846153846
1 0.027644230769230768 0.3557692307692308 0.055288461538461536 0.35096153846153844
1 0.11298076923076923 0.41346153846153844 0.19471153846153846 0.59375
1 0.055288461538461536 0.6490384615384616 0.109375 0.25
1 0.109375 0.7848557692307693 0.21875 0.30528846153846156
1 0.4963942307692308 0.4723557692307692 0.9927884615384616 0.9447115384615384