1 0.7572115384615384 0.8774038461538461 0.47836538461538464 0.23197115384615385
1 0.8954326923076923 0.9242788461538461 0.15985576923076922 0.13942307692307693
1 0.5925480769230769 0.8954326923076923 0.10576923076923077 0.1971153846153846
1 0.7019230769230769 0.9447115384615384 0.2692307692307692 0.0985576923076923
1 0.27163461538461536 0.8461538461538461 0.31009615384615385 0.296875
1 0.09975961538461539 0.8461538461538461 0.19951923076923078 0.2980769230769231
1 0.09375 0.6598557692307693 0.1875 0.19230769230769232
1 0.07572115384615384 0.5637019230769231 0.15144230769230768 0.18990384615384615
1 0.06370192307692307 0.41225961538461536 0.12620192307692307 0.27884615384615385
1 0.5576923076923077 0.6682692307692307 0.15985576923076922 0.5120192307692307
1 0.9471153846153846 0.4326923076923077 0.0985576923076923 0.5180288461538461
1 0.7548076923076923 0.6742788461538461 0.09615384615384616 0.13942307692307693
1 0.9098557692307693 0.31971153846153844 0.17427884615384615 0.5925480769230769
1 0.7872596153846154 0.3401442307692308 0.10576923076923077 0.49399038461538464
1 0.8040865384615384 0.4074519230769231 0.078125 0.3605769230769231
1 0.8209134615384616 0.4675480769230769 0.057692307692307696 0.25
1 0.8689903846153846 0.08413461538461539 0.0985576923076923 0.16826923076923078
1 0.2644230769230769 0.2704326923076923 0.4879807692307692 0.21514423076923078
1 0.3016826923076923 0.4362980769230769 0.36538461538461536 0.2091346153846154
1 0.3137019230769231 0.5612980769230769 0.33413461538461536 0.18028846153846154
1 0.33413461538461536 0.7680288461538461 0.2932692307692308 0.30288461538461536
1 0.5084134615384616 0.038461538461538464 0.1658653846153846 0.07692307692307693
1 0.5120192307692307 0.11057692307692307 0.15745192307692307 0.1045673076923077
1 0.6442307692307693 0.07932692307692307 0.11538461538461539 0.15865384615384615
1 0.625 0.22716346153846154 0.109375 0.11658653846153846
1 0.6105769230769231 0.3629807692307692 0.0889423076923077 0.14543269230769232
1 0.5276442307692307 0.32572115384615385 0.08533653846153846 0.3485576923076923
1 0.7199519230769231 0.3137019230769231 0.1502403846153846 0.6274038461538461
1 0.14543269230769232 0.0985576923076923 0.2692307692307692 0.1971153846153846
1 0.3605769230769231 0.16826923076923078 0.13942307692307693 0.09254807692307693
1 0.36899038461538464 0.0673076923076923 0.18389423076923078 0.13341346153846154