1 0.796875 0.7427884615384616 0.33413461538461536 0.3605769230769231
1 0.49278846153846156 0.7788461538461539 0.3605769230769231 0.39903846153846156
1 0.7271634615384616 0.5625 0.3125 0.15264423076923078
1 0.5637019230769231 0.5132211538461539 0.24759615384615385 0.14182692307692307
1 0.3786057692307692 0.6742788461538461 0.2980769230769231 0.3329326923076923
1 0.15865384615384615 0.14783653846153846 0.18509615384615385 0.17427884615384615
1 0.421875 0.39663461538461536 0.28365384615384615 0.13701923076923078
1 0.3161057692307692 0.5841346153846154 0.2403846153846154 0.2512019230769231
1 0.21634615384615385 0.5240384615384616 0.21514423076923078 0.21875
1 0.09254807692307693 0.6310096153846154 0.18509615384615385 0.32211538461538464
1 0.078125 0.4831730769230769 0.15625 0.49759615384615385
1 0.1875 0.33052884615384615 0.1201923076923077 0.19110576923076922