1 0.8269230769230769 0.23798076923076922 0.3016826923076923 0.19110576923076922
1 0.8064903846153846 0.41346153846153844 0.3161057692307692 0.2127403846153846
1 0.6490384615384616 0.5516826923076923 0.33774038461538464 0.3293269230769231
1 0.8353365384615384 0.6694711538461539 0.22235576923076922 0.2536057692307692
1 0.6069711538461539 0.7091346153846154 0.2439903846153846 0.2980769230769231
1 0.35096153846153844 0.5204326923076923 0.2848557692307692 0.25721153846153844
1 0.36177884615384615 0.7091346153846154 0.2439903846153846 0.18269230769230768
1 0.18028846153846154 0.578125 0.09375 0.390625
1 0.08173076923076923 0.5961538461538461 0.1201923076923077 0.33774038461538464
1 0.1310096153846154 0.2283653846153846 0.15504807692307693 0.057692307692307696
1 0.1466346153846154 0.3137019230769231 0.18629807692307693 0.13822115384615385
1 0.2956730769230769 0.3581730769230769 0.1201923076923077 0.10216346153846154