1 0.7728365384615384 0.3173076923076923 0.2668269230769231 0.17307692307692307
1 0.8004807692307693 0.47836538461538464 0.2403846153846154 0.18269230769230768
1 0.7932692307692307 0.7151442307692307 0.2980769230769231 0.3557692307692308
1 0.6105769230769231 0.21514423076923078 0.18269230769230768 0.13822115384615385
1 0.21153846153846154 0.22716346153846154 0.2620192307692308 0.16947115384615385
1 0.3713942307692308 0.3004807692307692 0.18269230769230768 0.12860576923076922
1 0.17548076923076922 0.38461538461538464 0.21754807692307693 0.18269230769230768
1 0.1201923076923077 0.6225961538461539 0.14182692307692307 0.3641826923076923
1 0.25721153846153844 0.7403846153846154 0.15985576923076922 0.2439903846153846
1 0.453125 0.7932692307692307 0.390625 0.2536057692307692
1 0.4639423076923077 0.6021634615384616 0.2536057692307692 0.18269230769230768
1 0.49278846153846156 0.44711538461538464 0.23076923076923078 0.1466346153846154
1 0.3329326923076923 0.4951923076923077 0.2932692307692308 0.2620192307692308
1 0.5360576923076923 0.3293269230769231 0.13822115384615385 0.0889423076923077
1 0.6225961538461539 0.5132211538461539 0.052884615384615384 0.18269230769230768
1 0.6442307692307693 0.41947115384615385 0.07091346153846154 0.2620192307692308