1 0.8653846153846154 0.8040865384615384 0.11778846153846154 0.3786057692307692
1 0.7788461538461539 0.8629807692307693 0.16346153846153846 0.2620192307692308
1 0.8449519230769231 0.8557692307692307 0.23076923076923078 0.27403846153846156
1 0.9483173076923077 0.7151442307692307 0.04807692307692308 0.1502403846153846
1 0.859375 0.6081730769230769 0.16706730769230768 0.3401442307692308
1 0.6802884615384616 0.6598557692307693 0.28846153846153844 0.6670673076923077
1 0.5889423076923077 0.47115384615384615 0.08774038461538461 0.3269230769230769
1 0.6790865384615384 0.2620192307692308 0.09735576923076923 0.5228365384615384
1 0.6790865384615384 0.21514423076923078 0.15144230769230768 0.23557692307692307
1 0.7451923076923077 0.3004807692307692 0.054086538461538464 0.19591346153846154
1 0.5985576923076923 0.578125 0.31850961538461536 0.5552884615384616
1 0.38461538461538464 0.7944711538461539 0.3269230769230769 0.31971153846153844
1 0.21634615384615385 0.7548076923076923 0.3545673076923077 0.47716346153846156
1 0.2920673076923077 0.8040865384615384 0.5300480769230769 0.3786057692307692
1 0.15144230769230768 0.8990384615384616 0.15144230769230768 0.18990384615384615
1 0.49038461538461536 0.29447115384615385 0.16947115384615385 0.5877403846153846
1 0.5276442307692307 0.40865384615384615 0.054086538461538464 0.39903846153846156
1 0.43149038461538464 0.2644230769230769 0.13581730769230768 0.5288461538461539
1 0.32091346153846156 0.28125 0.09134615384615384 0.2091346153846154
1 0.33774038461538464 0.09134615384615384 0.051682692307692304 0.18269230769230768
1 0.28125 0.29447115384615385 0.13341346153846154 0.3918269230769231
1 0.16706730769230768 0.7283653846153846 0.3329326923076923 0.5288461538461539
1 0.0985576923076923 0.5036057692307693 0.1971153846153846 0.44471153846153844
1 0.22115384615384615 0.359375 0.07932692307692307 0.2091346153846154
1 0.09975961538461539 0.14783653846153846 0.19951923076923078 0.2956730769230769
1 0.17548076923076922 0.18629807692307693 0.0733173076923077 0.203125
1 0.21995192307692307 0.04567307692307692 0.039663461538461536 0.09134615384615384
1 0.2283653846153846 0.23798076923076922 0.08774038461538461 0.11057692307692307