1 0.3245192307692308 0.765625 0.5552884615384616 0.453125
1 0.6754807692307693 0.6442307692307693 0.27403846153846156 0.33653846153846156
1 0.84375 0.5504807692307693 0.171875 0.21153846153846154
1 0.953125 0.5973557692307693 0.078125 0.31971153846153844
1 0.953125 0.3317307692307692 0.078125 0.22596153846153846
1 0.9411057692307693 0.10576923076923077 0.10096153846153846 0.21153846153846154
1 0.6634615384615384 0.09014423076923077 0.25 0.18028846153846154
1 0.84375 0.09375 0.109375 0.1875
1 0.8677884615384616 0.31971153846153844 0.171875 0.234375
1 0.6838942307692307 0.328125 0.19471153846153846 0.28125
1 0.5036057692307693 0.359375 0.16346153846153846 0.328125
1 0.23076923076923078 0.390625 0.38221153846153844 0.421875
1 0.04326923076923077 0.390625 0.08653846153846154 0.375
1 0.03125 0.6490384615384616 0.0625 0.203125
1 0.2692307692307692 0.07451923076923077 0.5384615384615384 0.14903846153846154