1 0.546875 0.59375 0.5 0.6875
1 0.8473557692307693 0.4375 0.28846153846153844 0.359375
1 0.8125 0.6370192307692307 0.359375 0.36778846153846156
1 0.8677884615384616 0.8245192307692307 0.25 0.22596153846153846
1 0.31971153846153844 0.6598557692307693 0.53125 0.5552884615384616
1 0.21514423076923078 0.7223557692307693 0.43028846153846156 0.43028846153846156
1 0.140625 0.2932692307692308 0.28125 0.5865384615384616
1 0.828125 0.171875 0.328125 0.234375
1 0.75 0.07451923076923077 0.484375 0.14903846153846154
1 0.6682692307692307 0.28846153846153844 0.21153846153846154 0.375
1 0.36778846153846156 0.17548076923076922 0.203125 0.35096153846153844
1 0.5240384615384616 0.16346153846153846 0.109375 0.3125
1 0.4963942307692308 0.4723557692307692 0.9927884615384616 0.9447115384615384