0 0.8592709624999999 0 0.9033203125 0.2677186359375 0.9055397734374999 0.32884161562499997 0.92662464375 0.355187725 0.9787819609374999 0.3646723234375 1 0.356526778125 1 0.0442403890625 0.9918980062499999 0 0.8592709624999999 0
0 0.8145419031250001 0 0.8145419031250001 0.059057442187499996 0.8023348718750001 0.07275741875 0.7401899843749999 0.1001573734375 0.7368607953125 0.10753428437500001 0.7612748578125 0.3330569921875 0.7934570296875 0.359403103125 0.8345170453125 0.3625646359375 0.8622603 0.3572954140625 0.89666193125 0.3330569921875 0.9033203125 0.29511859375 0.857999859375 0 0.8145419031250001 0
0 0.7313121437500001 0.1022650625 0.5992542609375 0.1454726828125 0.6147904828125 0.3330569921875 0.6491921171875 0.3636184796875 0.7013494312499999 0.3646723234375 0.7335316062499999 0.35308003593750004 0.7568359375 0.3246262375 0.7313121437500001 0.1022650625
0 0.5772450499999999 0 0.496049359375 0.028495953125 0.47385475781249997 0.062218974999999996 0.31405362187499997 0.1128035078125 0.30850497187500003 0.13493424062499998 0.3173828125 0.166549571875 0.33513849375000004 0.19816490625 0.351784446875 0.213972571875 0.3662109375 0.2171341046875 0.742409446875 0.095941996875 0.8001154125 0.0706497296875 0.81232244375 0.0527343734375 0.81232244375 0.027442107812499998 0.8102583453125 0 0.5772450499999999 0
0 0.197864428125 0 0.0144264921875 0.0601112859375 0.0044389203125 0.0738112625 0.0044389203125 0.1496880609375 0.032182175 0.18446492812499998 0.053267045312500004 0.1876264609375 0.4694158375 0.062218974999999996 0.48606178906249997 0.04430361875 0.47958219843750005 0 0.197864428125 0
0 0.0199751421875 0.5838719640625001 0.01775568125 0.604948853125 0.03107244375 0.6365641875 0.18865411875 0.8831637812500001 0.2186168328125 0.9010791359375 0.26189630625000004 0.90213298125 0.2896395609375 0.8905406921875001 0.31960227343750003 0.8620868921874999 0.3284801140625 0.841010003125 0.3284801140625 0.8115023593749999 0.31960227343750003 0.7925331625 0.1320578828125 0.5427720328125 0.0943270609375 0.5343412765625 0.05437677656249999 0.5427720328125 0.033291903125 0.5606873890624999 0.0199751421875 0.5838719640625001
0 0.16424005625 0.5775489 0.32404119374999996 0.7946408484374999 0.33957741406249997 0.8578715140625001 0.37619850781249997 0.8800022484375001 0.40838068125 0.878948403125 0.43834339375000003 0.867356115625 0.46608664843750003 0.8389023171875 0.47718394843749995 0.8072869812500001 0.46608664843750003 0.7693485828125 0.29407848125 0.5512027875000001 0.26300603749999996 0.5238028328125 0.24081143593749998 0.5153720765625 0.19420276875 0.5280182109375 0.16645951718750002 0.5543643203124999 0.16424005625 0.5775489
0 0.29962713124999996 0.5417181875 0.29962713124999996 0.5543643203124999 0.46830610781250004 0.7693485828125 0.48162286875 0.8304715609375 0.5115855828125 0.8526022937500001 0.537109375 0.8557638265625 0.5737304703125 0.8462792265625 0.6036931812499999 0.819933115625 0.6192294031250001 0.7925331625 0.6125710234375 0.750379384375 0.5548650562499999 0.6745025859375 0.3961736515625 0.5048336328125 0.35622336718750003 0.5006182546875 0.331809303125 0.5069413218750001 0.31960227343750003 0.5311797453125 0.29962713124999996 0.5417181875
0 0.5992542609375 0.72719480625 0.6170099437500001 0.752487071875 0.6214488640625 0.7946408484374999 0.6392045453125 0.819933115625 0.6669478 0.839956159375 0.6991299718749999 0.841010003125 0.7246537656250001 0.8336330937499999 0.7612748578125 0.7988562265625 0.7701526984375 0.7735639609375 0.7634943187500001 0.7377332515624999 0.5559747875000001 0.4921875 0.5315607234375 0.48375674531249996 0.49161043906249996 0.49007981093749997 0.45720880625 0.5185336109375001 0.45055042656250005 0.5543643203124999 0.5992542609375 0.72719480625
0 0.6602894171875 0.466895234375 0.6159002124999999 0.4753259890625 0.5948153406250001 0.49745672343749997 0.5903764203125 0.5227489890625 0.7013494312499999 0.6681795187499999 0.7657137781250001 0.7377332515624999 0.7768110796875 0.7988562265625 0.8067737921875 0.8167715828125001 0.83673650625 0.817825428125 0.8644797578125001 0.8062331390624999 0.89666193125 0.7756716515625001 0.9055397734374999 0.7545947625 0.89666193125 0.7103332953125 0.7390802562500001 0.5353951218749999 0.7302024140625 0.5227489890625 0.732421875 0.49745672343749997 0.7268732234375 0.49007981093749997 0.6891424015625 0.48375674531249996 0.6602894171875 0.466895234375
0 1 0.664788890625 0.8766867890625001 0.5375028093750001 0.8456143468749999 0.5185336109375001 0.8411754265625 0.49745672343749997 0.8067737921875 0.46267985625 0.7890181093749999 0.4542491 0.7446289046875 0.46267985625 0.732421875 0.47427214375000004 0.7390802562500001 0.4890259671875 0.732421875 0.5185336109375001 0.7435191765625 0.5375028093750001 0.8988813921875 0.7103332953125 0.9077592328125 0.7314101828124999 0.9055397734374999 0.7714562734375 0.9121981531250001 0.781994715625 0.9355024843749999 0.7999100718750001 0.96990411875 0.8009639171874999 1 0.7861810218749999 1 0.664788890625
0 1 0.8104807515625 0.9909889921874999 0.7999100718750001 0.944380325 0.8041254500000001 0.9133078828125001 0.789371628125 0.8911132796875 0.789371628125 0.86115056875 0.81361005 0.88556463125 0.8473330718750001 0.8833451703125 0.8831637812500001 0.9044300421875 0.907402203125 0.93439275625 0.9126714249999999 0.9710138484374999 0.9010791359375 0.99431818125 0.878948403125 1 0.8681570359374999 1 0.8104807515625
0 0.7590553984375 0.8747330249999999 0.7568359375 0.9126714249999999 0.7823597312499999 0.9348021578125 0.8167613640625 0.9358560031250001 0.8489435375 0.9221560249999999 0.87224786875 0.9000252906249999 0.88556463125 0.8726253375 0.8833451703125 0.84522538125 0.8556019171875 0.8167715828125001 0.8112127125 0.8209869609375 0.7801402687500001 0.8062331390624999 0.7601651281249999 0.8083408265625 0.732421875 0.8325792484375001 0.7590553984375 0.8747330249999999
0 0.5859375 0.8536561359375 0.6036931812499999 0.878948403125 0.6059126421875 0.9168868015625 0.6469726546875 0.960094425 0.6858132109375 0.965363646875 0.7179953828125 0.9537713578125 0.7435191765625 0.9316406265625 0.7590553984375 0.90424066875 0.7568359375 0.8726253375 0.7313121437500001 0.8420638484375 0.673606178125 0.8441715375 0.6469726546875 0.8336330937499999 0.6159002124999999 0.8083408265625 0.5859375 0.841010003125 0.5859375 0.8536561359375
0 0.46830610781250004 0.90213298125 0.472745028125 0.9569328921875 0.49382990156249995 0.9706328687499999 0.5348899140625 0.9716867125 0.5715110078125 0.955879046875 0.5925958812500001 0.9337483125 0.6036931812499999 0.906348359375 0.5970348015625 0.870517646875 0.575949928125 0.848386915625 0.5404385640625 0.8589253593749999 0.48717151875000003 0.8462792265625 0.46275745781250005 0.8504946046875 0.448330965625 0.870517646875 0.46830610781250004 0.90213298125
0 0.29962713124999996 0.8915945359374999 0.32404119374999996 0.9295329359375 0.33291903437500003 0.9737944031250001 0.36066228749999996 0.9917097578125 0.390625 0.994871290625 0.42502663281249997 0.985386690625 0.46164772656249997 0.9506098234374999 0.46830610781250004 0.9316406265625 0.46164772656249997 0.8915945359374999 0.43834339375000003 0.8715714921875 0.4094904125 0.8821099374999999 0.37397905 0.8821099374999999 0.34068714375 0.8694638046875 0.31183416249999996 0.8757868703125 0.29962713124999996 0.8915945359374999
0 0.30224866875 1 0.31294389218749996 0.9906559140625 0.32626065312499997 0.9548252015625 0.3173828125 0.9232098703125 0.29407848125 0.8947560703124999 0.24525035625 0.907402203125 0.1986416890625 0.896863759375 0.17977627812500002 0.878948403125 0.0710227265625 0.699794853125 0.0432794734375 0.6755564296875 0.0244140625 0.7061179171874999 0.0266335234375 0.7335178734375 0.039950284375 0.76302551875 0.183165296875 1 0.30224866875 1