0 0.2021484375 0.1259765640625 0.1904296875 0.134765625 0.1796875 0.15673828125 0.1953125 0.28271484375 0.212890625 0.36474609375 0.2197265625 0.375 0.240234375 0.37939453125 0.2529296875 0.3720703140625 0.263671875 0.34716796875 0.240234375 0.17138671875 0.2421875 0.15966796875 0.2294921875 0.1318359359375 0.2021484375 0.1259765640625
0 0.251953125 0.13623046875 0.24609375 0.16259765625 0.271484375 0.36181640625 0.2822265625 0.375 0.296875 0.37646484375 0.3154296875 0.3662109359375 0.32421875 0.34716796875 0.306640625 0.14501953125 0.2919921875 0.123046875 0.2685546875 0.12011718593750001 0.251953125 0.13623046875
0 0.12890625 0.36181640625 0.125 0.37646484375 0.1279296875 0.404296875 0.1552734375 0.416015625 0.1962890625 0.4482421859375 0.2509765625 0.474609375 0.2646484375 0.498046875 0.2880859375 0.515625 0.30078125 0.51708984375 0.3203125 0.48193359375 0.322265625 0.44384765625 0.3154296875 0.43359375 0.1533203125 0.3369140640625 0.1416015625 0.33984375 0.12890625 0.36181640625
0 0.0751953125 0.380859375 0.064453125 0.39990234375 0.05859375 0.42041015625 0.05859375 0.44970703125 0.0634765625 0.45703125 0.2197265625 0.556640625 0.236328125 0.56103515625 0.255859375 0.52587890625 0.259765625 0.49951171875 0.2568359375 0.48046875 0.2294921875 0.46875 0.0849609375 0.3779296859375 0.0751953125 0.380859375
0 0.4365234375 0.5537109359375 0.3544921875 0.5009765640625 0.3486328125 0.5009765640625 0.33984375 0.51416015625 0.328125 0.56103515625 0.328125 0.57275390625 0.3349609375 0.5859375 0.4990234375 0.6767578140625 0.521484375 0.68115234375 0.53125 0.66064453125 0.5390625 0.62255859375 0.5390625 0.60791015625 0.5322265625 0.59765625 0.4716796875 0.5654296859375 0.4365234375 0.5537109359375
0 0.4091796875 0.451171875 0.3984375 0.47021484375 0.390625 0.50537109375 0.3935546875 0.5244140640625 0.4248046875 0.544921875 0.5302734375 0.5947265640625 0.5517578125 0.62109375 0.5693359375 0.6298828140625 0.580078125 0.62841796875 0.58984375 0.61083984375 0.599609375 0.57275390625 0.599609375 0.55810546875 0.5927734375 0.544921875 0.4248046875 0.4541015640625 0.4091796875 0.451171875
0 0.3515625 0.13623046875 0.34765625 0.15380859375 0.359375 0.31201171875 0.3701171875 0.3486328140625 0.3798828125 0.3544921859375 0.396484375 0.35302734375 0.4140625 0.33251953125 0.408203125 0.15087890625 0.404296875 0.13330078125 0.3955078125 0.12011718593750001 0.3681640625 0.1171875 0.3515625 0.13623046875
0 0.4345703125 0.111328125 0.4248046875 0.11425781406249999 0.412109375 0.13037109375 0.408203125 0.14208984375 0.408203125 0.18017578125 0.416015625 0.34130859375 0.4267578125 0.3603515640625 0.443359375 0.36474609375 0.4638671875 0.3544921859375 0.470703125 0.33544921875 0.46875 0.18310546875 0.46484375 0.13330078125 0.4482421875 0.11425781406249999 0.4345703125 0.111328125
0 0.4931640625 0.099609375 0.4814453125 0.10546875 0.470703125 0.12158203125 0.46875 0.14794921875 0.484375 0.33251953125 0.4931640625 0.3486328140625 0.509765625 0.35302734375 0.5224609375 0.3486328140625 0.53515625 0.32666015625 0.529296875 0.15380859375 0.5234375 0.11279296875 0.5087890625 0.099609375 0.4931640625 0.099609375
0 0.5791015625 0.10253906406249999 0.5576171875 0.10253906406249999 0.5390625 0.13037109375 0.537109375 0.33251953125 0.5517578125 0.3544921859375 0.5703125 0.35595703125 0.5830078125 0.3486328140625 0.58984375 0.33544921875 0.599609375 0.13916015625 0.595703125 0.12158203125 0.5869140625 0.10839843593750001 0.5791015625 0.10253906406249999
0 0.6630859375 0.10546875 0.658203125 0.11865234375 0.65234375 0.33544921875 0.6708984375 0.357421875 0.689453125 0.35595703125 0.70703125 0.33837890625 0.716796875 0.12158203125 0.7099609375 0.10546875 0.6962890625 0.09375 0.6787109375 0.09375 0.6630859375 0.10546875
0 0.7353515625 0.111328125 0.7275390625 0.1171875 0.716796875 0.14208984375 0.71484375 0.17724609375 0.708984375 0.34716796875 0.7236328125 0.3720703140625 0.74609375 0.37353515625 0.7548828125 0.369140625 0.765625 0.34716796875 0.779296875 0.15087890625 0.7734375 0.12744140625 0.7587890625 0.111328125 0.7353515625 0.111328125
0 0.6591796875 0.427734375 0.7861328125 0.4775390640625 0.794921875 0.48486328125 0.794921875 0.49951171875 0.8017578125 0.5068359359375 0.8095703125 0.5068359359375 0.8271484375 0.521484375 0.84765625 0.52001953125 0.865234375 0.48486328125 0.8603515625 0.4365234359375 0.6748046875 0.3603515640625 0.6640625 0.37353515625 0.65625 0.40576171875 0.6591796875 0.427734375
0 0.5966796875 0.4072265640625 0.58984375 0.42041015625 0.58203125 0.46142578125 0.58203125 0.47900390625 0.5888671875 0.4921875 0.77734375 0.56982421875 0.79296875 0.49951171875 0.7900390625 0.4833984359375 0.6962890625 0.4423828140625 0.6728515625 0.439453125 0.6162109375 0.41015625 0.5966796875 0.4072265640625
0 0.6875 0.60791015625 0.677734375 0.64599609375 0.6787109375 0.66796875 0.8291015625 0.7412109359375 0.8388671875 0.7587890640625 0.8623046875 0.7734375 0.87890625 0.77490234375 0.8828125 0.75146484375 0.892578125 0.73974609375 0.8935546875 0.69140625 0.7080078125 0.59765625 0.6943359375 0.5947265640625 0.6875 0.60791015625
0 0.7041015625 0.685546875 0.6396484375 0.6474609359375 0.630859375 0.65185546875 0.615234375 0.71044921875 0.615234375 0.72802734375 0.6201171875 0.7353515640625 0.6611328125 0.7587890640625 0.6904296875 0.767578125 0.7998046875 0.8291015640625 0.818359375 0.83349609375 0.8359375 0.78662109375 0.83203125 0.77490234375 0.8359375 0.76025390625 0.8330078125 0.7470703140625 0.7236328125 0.6884765640625 0.7041015625 0.685546875
0 0.36328125 0.71923828125 0.353515625 0.75439453125 0.3564453125 0.7822265640625 0.4775390625 0.8642578140625 0.546875 0.90087890625 0.564453125 0.87451171875 0.5703125 0.83642578125 0.5673828125 0.814453125 0.3818359375 0.697265625 0.3720703125 0.703125 0.36328125 0.71923828125
0 0.0341796875 0.603515625 0.01953125 0.62548828125 0.01171875 0.65478515625 0.01171875 0.67529296875 0.0205078125 0.6884765640625 0.1748046875 0.791015625 0.197265625 0.79833984375 0.216796875 0.77490234375 0.224609375 0.73095703125 0.2021484375 0.703125 0.1396484375 0.6591796859375 0.0439453125 0.603515625 0.0341796875 0.603515625
0 0.0859375 0.56103515625 0.07421875 0.59912109375 0.0751953125 0.62109375 0.1435546875 0.6591796859375 0.2060546875 0.703125 0.2333984375 0.732421875 0.259765625 0.74267578125 0.279296875 0.70751953125 0.283203125 0.67236328125 0.2783203125 0.6591796859375 0.1083984375 0.55078125 0.1005859375 0.5478515640625 0.0859375 0.56103515625