0 0.8192845406249999 0 0.7997532890625 0.016601564062499997 0.795641446875 0.038085935937499996 0.83675986875 0.2880859359375 0.8388157890624999 0.3447265640625 0.8583470390624999 0.369140625 0.906661184375 0.3779296859375 0.9549753296875 0.359375 0.9724506578125001 0.3330078140625 0.91488486875 0.018554685937500003 0.9015213828125 0 0.8192845406249999 0
0 0.743215459375 0 0.7401315796875 0.0146484359375 0.7545230265625 0.038085935937499996 0.7545230265625 0.09472656406249999 0.743215459375 0.107421875 0.6856496703125 0.1328125 0.6825657890625 0.1396484359375 0.7051809203125 0.3486328140625 0.734991775 0.373046875 0.773026315625 0.3759765640625 0.7987253296875 0.37109375 0.8305921046875 0.3486328140625 0.83675986875 0.3134765640625 0.7935855265625 0.032226564062500004 0.7740542765625 0 0.743215459375 0
0 0.601356909375 0.376953125 0.649671053125 0.3779296859375 0.679481909375 0.3671875 0.7010690796875 0.3408203140625 0.6774259859375 0.134765625 0.555098684375 0.1748046859375 0.56949013125 0.3486328140625 0.601356909375 0.376953125
0 0.648643090625 0 0.45949835468750005 0.06640625 0.43893914375 0.09765625 0.290912828125 0.14453125 0.2857730265625 0.1650390640625 0.2939967109375 0.1943359359375 0.3104440796875 0.2236328140625 0.3258634875 0.23828125 0.3392269734375 0.2412109359375 0.68770559375 0.12890625 0.741159540625 0.10546875 0.7524671046875 0.08886718593750001 0.7524671046875 0.06542968593750001 0.750411184375 0.038085935937499996 0.733963815625 0.0068359359375 0.7226562484375 0 0.648643090625 0
0 0.3053042765625 0 0.013363487499999998 0.095703125 0.0041118421875 0.10839843593750001 0.0041118421875 0.1787109359375 0.02981085625 0.2109375 0.0493421046875 0.2138671859375 0.4348273015625 0.09765625 0.4502467109375 0.08105468593750001 0.43996710468750005 0.010742185937499999 0.430715459375 0 0.3053042765625 0
0 0.1223273015625 0.54296875 0.0873766453125 0.53515625 0.0503700671875 0.54296875 0.030838815624999998 0.5595703140625 0.0185032890625 0.5810546859375 0.01644736875 0.6005859359375 0.0287828953125 0.6298828140625 0.1747532890625 0.8583984359375 0.20250822500000001 0.875 0.242598684375 0.8759765640625 0.2682976984375 0.865234375 0.29605263125 0.8388671859375 0.304276315625 0.8193359359375 0.304276315625 0.7919921859375 0.29605263125 0.7744140640625 0.1223273015625 0.54296875
0 0.2436266453125 0.525390625 0.223067434375 0.517578125 0.179893090625 0.529296875 0.1541940796875 0.5537109359375 0.1521381578125 0.5751953140625 0.3001644734375 0.7763671859375 0.3145559203125 0.8349609359375 0.3484786171875 0.85546875 0.3782894734375 0.8544921859375 0.40604440625000005 0.84375 0.4317434203125 0.8173828140625 0.44202302656250003 0.7880859359375 0.4317434203125 0.7529296859375 0.272409540625 0.55078125 0.2436266453125 0.525390625
0 0.366981909375 0.5078125 0.3299753296875 0.50390625 0.307360196875 0.509765625 0.29605263125 0.5322265640625 0.2775493421875 0.5419921859375 0.2775493421875 0.5537109359375 0.4337993421875 0.7529296859375 0.44613486875 0.8095703140625 0.47388980312499995 0.830078125 0.49753289531249995 0.8330078140625 0.53145559375 0.82421875 0.5592105265625 0.7998046859375 0.5736019734375 0.7744140640625 0.5674342109375 0.7353515640625 0.5139802625 0.6650390640625 0.366981909375 0.5078125
0 0.492393090625 0.48828125 0.45538651249999995 0.494140625 0.42351973750000005 0.5205078140625 0.41735197343749997 0.5537109359375 0.555098684375 0.7138671859375 0.571546053125 0.7373046859375 0.5756578953125 0.7763671859375 0.5921052625 0.7998046859375 0.6178042765625 0.818359375 0.64761513125 0.8193359359375 0.671258225 0.8125 0.7051809203125 0.7802734359375 0.7134046046875 0.7568359359375 0.7072368421874999 0.7236328140625 0.515008225 0.49609375 0.492393090625 0.48828125
0 0.6763980265625 0.5244140640625 0.678453946875 0.5009765640625 0.67331414375 0.494140625 0.6383634875 0.48828125 0.6116365125 0.47265625 0.570518090625 0.48046875 0.5509868421874999 0.5009765640625 0.546875 0.5244140640625 0.649671053125 0.6591796859375 0.7092927625 0.7236328140625 0.71957236875 0.7802734359375 0.7473273015624999 0.796875 0.7750822375 0.7978515640625 0.8007812484375 0.787109375 0.8305921046875 0.7587890640625 0.8388157890624999 0.7392578140625 0.8305921046875 0.6982421859375 0.6846217109375 0.5361328140625 0.6763980265625 0.5244140640625
0 0.7833059203125 0.5205078140625 0.7791940796875 0.5009765640625 0.7473273015624999 0.46875 0.7308799328125 0.4609375 0.6897615125 0.46875 0.678453946875 0.4794921859375 0.6846217109375 0.4931640640625 0.678453946875 0.5205078140625 0.688733553125 0.5380859359375 0.8326480265624999 0.6982421859375 0.8408717109375001 0.7177734359375 0.8388157890624999 0.7548828140625 0.8449835531250001 0.7646484359375 0.8665707234375001 0.78125 0.8984375 0.7822265640625 0.9282483546875 0.767578125 0.9498355265624999 0.7470703140625 0.9621710531250001 0.7197265640625 0.95394736875 0.6845703140625 0.812088815625 0.5380859359375 0.7833059203125 0.5205078140625
0 0.87479440625 0.78515625 0.8460115125 0.771484375 0.8254523015625 0.771484375 0.79769736875 0.7939453140625 0.8203125 0.8251953140625 0.8182565796875 0.8583984359375 0.837787828125 0.880859375 0.8655427625 0.8857421859375 0.8994654593750001 0.875 0.92105263125 0.8544921859375 0.9354440796875 0.8271484359375 0.9354440796875 0.8017578140625 0.9179687515625 0.78125 0.87479440625 0.78515625
0 0.75143914375 0.80078125 0.7226562484375 0.787109375 0.7041529609375 0.7890625 0.678453946875 0.8115234359375 0.703125 0.8505859359375 0.7010690796875 0.8857421859375 0.724712171875 0.90625 0.756578946875 0.9072265640625 0.786389803125 0.89453125 0.8079769734375001 0.8740234359375 0.8203125 0.8486328140625 0.8182565796875 0.8232421859375 0.792557565625 0.796875 0.75143914375 0.80078125
0 0.6239720390625 0.822265625 0.5993009859375 0.8125 0.570518090625 0.7890625 0.5427631578125001 0.8193359359375 0.5427631578125001 0.8310546859375 0.5592105265625 0.8544921859375 0.561266446875 0.8896484359375 0.5993009859375 0.9296875 0.6352796046875 0.9345703140625 0.665090459375 0.923828125 0.688733553125 0.9033203140625 0.703125 0.8779296859375 0.7010690796875 0.8486328140625 0.6774259859375 0.8203125 0.6239720390625 0.822265625
0 0.500616775 0.8359375 0.4512746703125 0.82421875 0.428659540625 0.828125 0.41529605312499995 0.8466796859375 0.4337993421875 0.8759765640625 0.437911184375 0.9267578140625 0.457442434375 0.939453125 0.49547697343749997 0.9404296859375 0.5293996703125 0.92578125 0.5489309203125 0.9052734359375 0.5592105265625 0.8798828140625 0.5530427625 0.8466796859375 0.5335115125 0.826171875 0.500616775 0.8359375
0 0.379317434375 0.857421875 0.3464226984375 0.857421875 0.31558388125 0.845703125 0.288856909375 0.8515625 0.2775493421875 0.8662109359375 0.3001644734375 0.9013671859375 0.3083881578125 0.9423828140625 0.334087171875 0.958984375 0.3618421046875 0.9619140640625 0.39370888125 0.953125 0.4276315796875 0.9208984359375 0.4337993421875 0.9033203140625 0.4276315796875 0.8662109359375 0.40604440625000005 0.84765625 0.379317434375 0.857421875
0 0.22717927656249998 0.880859375 0.18400493281250002 0.87109375 0.1665296046875 0.8544921859375 0.0657894734375 0.6884765640625 0.040090459375 0.666015625 0.02261513125 0.6943359359375 0.024671053125000002 0.7197265640625 0.0370065796875 0.7470703140625 0.17269736875 0.9716796859375 0.2004523015625 0.990234375 0.2302631578125 0.9912109359375 0.26418585625 0.98046875 0.28988486875 0.9580078140625 0.3022203953125 0.9248046859375 0.2939967109375 0.8955078140625 0.272409540625 0.869140625 0.22717927656249998 0.880859375