0 0.4228515625 0.21875 0.40625 0.2392578125 0.4042968765625 0.2587890625 0.4375 0.5224609375 0.4599609375 0.54296875 0.5058593765625 0.5478515625 0.5361328125 0.5390625 0.55859375 0.5087890625 0.546875 0.2294921875 0.5224609375 0.20703125 0.4775390625 0.2011718765625 0.4228515625 0.21875
0 0.3310546875 0.1875 0.2822265625 0.2089843765625 0.26953125 0.2431640625 0.33984375 0.5537109375 0.3681640625 0.5703125 0.3925781234375 0.5693359375 0.4316406234375 0.5498046875 0.4296875 0.4892578125 0.3984375 0.2626953125 0.40234375 0.2138671875 0.3779296875 0.1894531234375 0.3310546875 0.1875
0 0.2412109375 0.18359375 0.1865234375 0.1894531234375 0.1503906234375 0.2236328125 0.1660156234375 0.3017578125 0.2402343765625 0.5419921875 0.2607421875 0.5546875 0.29296875 0.5537109375 0.3222656234375 0.5380859375 0.32421875 0.5087890625 0.265625 0.2373046875 0.2714843765625 0.2041015625 0.2607421875 0.1894531234375 0.2412109375 0.18359375
0 0.1376953125 0.1660156234375 0.0986328125 0.16796875 0.0634765625 0.18359375 0.046875 0.2021484375 0.044921876562500004 0.2197265625 0.1347656234375 0.5068359375 0.1513671875 0.52734375 0.1875 0.5283203125 0.2119140625 0.51953125 0.22265625 0.4951171875 0.1464843765625 0.2392578125 0.1464843765625 0.2216796875 0.1621093765625 0.1884765625 0.1376953125 0.1660156234375
0 0 0.1806640625 0.08398437656249999 0.4267578125 0.0947265625 0.44140625 0.109375 0.4423828125 0.04296875 0.2177734375 0.0566406234375 0.1865234375 0.08789062343750001 0.1650390625 0.08203125 0.1357421875 0.09179687656249999 0.1103515625 0.0771484375 0.09570312343750001 0.0439453125 0.09375 0 0.1162109375 0 0.1806640625
0 0.7734375 0.5087890625 0.7568359375 0.4902343765625 0.7294921875 0.484375 0.6962890625 0.4941406234375 0.6630859375 0.5175781234375 0.6396484375 0.5136718765625 0.3388671875 0.6171875 0.33203125 0.6298828125 0.33984375 0.6845703125 0.3720703125 0.7246093765625 0.3828125 0.7255859375 0.3857421875 0.7167968765625 0.3974609375 0.7167968765625 0.4482421875 0.68359375 0.7841796875 0.5761718765625 0.7910156234375 0.5615234375 0.7734375 0.5087890625
0 0.8574218765625 0.6064453125 0.8271484375 0.5703125 0.8056640625 0.5683593765625 0.7353515625 0.5996093765625 0.7060546875 0.6015625 0.6767578125 0.6171875 0.6591796875 0.6152343765625 0.4248046875 0.6953125 0.390625 0.7177734375 0.3847656234375 0.7705078125 0.3925781234375 0.7919921875 0.421875 0.8271484375 0.4345703125 0.8378906234375 0.4472656234375 0.8369140625 0.5771484375 0.7949218765625 0.6513671875 0.7480468765625 0.6923828125 0.75390625 0.8662109375 0.6855468765625 0.875 0.6591796875 0.8574218765625 0.6064453125
0 0.6162109375 0.83203125 0.6982421875 0.8964843765625 0.8544921875 1 1 0.9990234375 0.9990234375 0.9609375 0.6904296875 0.76171875 0.6533203125 0.75 0.62109375 0.7802734375 0.609375 0.8095703125 0.6162109375 0.83203125
0 0.8828125 0.3779296875 0.8847656234375 0.4130859375 0.8974609375 0.4316406234375 0.9208984375 0.4453125 0.9609375 0.4462890625 0.9814453125 0.4394531234375 1 0.4091796875 0.9970703125 0.0253906234375 0.9501953125 0.033203123437499996 0.9238281234375 0.0595703125 0.8828125 0.3779296875
0 0.7939453125 0.09570312343750001 0.7705078125 0.109375 0.7597656234375 0.1279296875 0.74609375 0.3916015625 0.75 0.4697265625 0.7744140625 0.5 0.8203125 0.5048828125 0.8505859375 0.4921875 0.86328125 0.4658203125 0.90625 0.1376953125 0.8955078125 0.10546875 0.8466796875 0.08984375 0.7939453125 0.09570312343750001
0 0.6708984375 0.1503906234375 0.6103515625 0.14453125 0.5712890625 0.1582031234375 0.55078125 0.1845703125 0.5605468765625 0.4345703125 0.5625 0.4658203125 0.5712890625 0.48046875 0.6005859375 0.4941406234375 0.6308593765625 0.4951171875 0.6591796875 0.4902343765625 0.6777343765625 0.4755859375 0.68359375 0.4599609375 0.68359375 0.2724609375 0.6933593765625 0.1728515625 0.6708984375 0.1503906234375
0 0.6806640625 0.07617187656249999 0.6337890625 0.09570312343750001 0.6230468765625 0.1201171875 0.6357421875 0.1386718765625 0.6767578125 0.1503906234375 0.6953125 0.1767578125 0.6875 0.2177734375 0.6855468765625 0.4169921875 0.6875 0.4619140625 0.6972656234375 0.4638671875 0.7089843765625 0.4580078125 0.7402343765625 0.3935546875 0.75390625 0.1279296875 0.76171875 0.1044921875 0.7314453125 0.08007812343750001 0.6806640625 0.07617187656249999
0 0.78515625 0.0576171875 0.7919921875 0.08984375 0.8603515625 0.08984375 0.8955078125 0.1015625 0.9082031234375 0.1142578125 0.92578125 0.0498046875 0.9091796875 0.021484376562499997 0.8857421875 0.0136718765625 0.8369140625 0.0136718765625 0.7890625 0.0361328125 0.78515625 0.0576171875
0 0.65625 0.0380859375 0.6542968765625 0.0556640625 0.6728515625 0.07226562343750001 0.7402343765625 0.0751953125 0.7792968765625 0.0556640625 0.78515625 0.0341796875 0.7705078125 0.017578123437500003 0.7041015625 0.01171875 0.6689453125 0.0234375 0.65625 0.0380859375
0 0.5634765625 0.0078125 0.5390625 0.0244140625 0.53515625 0.0400390625 0.5478515625 0.05859375 0.6025390625 0.0625 0.6328125 0.0908203125 0.65625 0.0751953125 0.65234375 0.0419921875 0.66015625 0.0185546875 0.6494140625 0.0078125 0.5927734375 0 0.5634765625 0.0078125
0 0.5615234375 0.0605468765625 0.5283203125 0.06835937656249999 0.50390625 0.0849609375 0.5 0.1123046875 0.5361328125 0.12890625 0.5566406234375 0.1669921875 0.5732421875 0.1542968765625 0.62109375 0.1396484375 0.6191406234375 0.1083984375 0.6269531234375 0.0830078125 0.6162109375 0.0703125 0.5615234375 0.0605468765625
0 0.4140625 0.1591796875 0.4208984375 0.2128906234375 0.4970703125 0.19921875 0.5449218765625 0.2138671875 0.5488281234375 0.1455078125 0.5322265625 0.12890625 0.5146484375 0.12304687656249999 0.4580078125 0.1269531234375 0.4287109375 0.140625 0.4140625 0.1591796875
0 0.3388671875 0.1171875 0.3056640625 0.1328125 0.2910156234375 0.1533203125 0.29296875 0.1689453125 0.3056640625 0.1796875 0.33203125 0.1845703125 0.3603515625 0.18359375 0.3955078125 0.1699218765625 0.4140625 0.1513671875 0.4121093765625 0.1279296875 0.3681640625 0.11328125 0.3388671875 0.1171875
0 0.37890625 0.1044921875 0.4072265625 0.12109375 0.421875 0.1416015625 0.4941406234375 0.1162109375 0.5019531234375 0.0791015625 0.4912109375 0.06445312343750001 0.4248046875 0.05859375 0.3847656234375 0.0810546875 0.37890625 0.1044921875
0 0.4199218765625 0.0419921875 0.4306640625 0.0546875 0.4814453125 0.05859375 0.5078125 0.0771484375 0.53515625 0.0615234375 0.5371093765625 0.0166015625 0.5244140625 0.00390625 0.4697265625 0 0.4238281234375 0.0244140625 0.4199218765625 0.0419921875
0 0.3125 0.0283203125 0.3232421875 0.05078125 0.3681640625 0.0546875 0.3857421875 0.0703125 0.39453125 0.0693359375 0.421875 0.0537109375 0.4160156234375 0.0361328125 0.4238281234375 0.0126953125 0.4150390625 0.00390625 0.3544921875 0 0.3125 0.0283203125
0 0.3212890625 0.0527343765625 0.2841796875 0.06835937656249999 0.2675781234375 0.0986328125 0.2978515625 0.1328125 0.3046875 0.1318359375 0.3330078125 0.1171875 0.3701171875 0.11132812343750001 0.3847656234375 0.0791015625 0.3808593765625 0.0634765625 0.3642578125 0.0546875 0.3212890625 0.0527343765625
0 0.2236328125 0.1171875 0.1796875 0.1455078125 0.17578125 0.1611328125 0.1865234375 0.1777343765625 0.2324218765625 0.1806640625 0.2587890625 0.17578125 0.2890625 0.1552734375 0.2949218765625 0.1337890625 0.2822265625 0.11914062343750001 0.2607421875 0.11328125 0.2236328125 0.1171875
0 0.08984375 0.1259765625 0.08398437656249999 0.1435546875 0.0986328125 0.1621093765625 0.1435546875 0.1640625 0.171875 0.1943359375 0.1796875 0.1865234375 0.1738281234375 0.1513671875 0.1972656234375 0.1240234375 0.1865234375 0.1015625 0.1318359375 0.09960937656249999 0.08984375 0.1259765625
0 0.1816406234375 0.0634765625 0.1699218765625 0.0810546875 0.171875 0.0927734375 0.1923828125 0.10351562343750001 0.2021484375 0.12109375 0.2109375 0.1201171875 0.2675781234375 0.1083984375 0.2636718765625 0.0908203125 0.2792968765625 0.0712890625 0.2705078125 0.048828123437499996 0.2275390625 0.04296875 0.1816406234375 0.0634765625
0 0.2392578125 0 0.2265625 0.0087890625 0.21875 0.0322265625 0.2275390625 0.041015623437499996 0.2705078125 0.046875 0.2890625 0.0634765625 0.3144531234375 0.0517578125 0.3105468765625 0.0263671875 0.3222656234375 0.0126953125 0.3193359375 0 0.2392578125 0
0 0.1396484375 0 0.1269531234375 0.0126953125 0.12304687656249999 0.0302734375 0.1298828125 0.0390625 0.1630859375 0.041015623437499996 0.1855468765625 0.0576171875 0.21875 0.0419921875 0.21484375 0.0244140625 0.2216796875 0 0.1396484375 0
0 0.1279296875 0.041015623437499996 0.0927734375 0.0527343765625 0.0703125 0.0830078125 0.1015625 0.1123046875 0.1337890625 0.09765625 0.1669921875 0.09375 0.1777343765625 0.0673828125 0.17578125 0.0498046875 0.1572265625 0.041015623437499996 0.1279296875 0.041015623437499996
0 0 0.0947265625 0.03125 0.0947265625 0.0703125 0.0771484375 0.08203125 0.0595703125 0.0751953125 0.04296875 0.0439453125 0.037109376562500004 0 0.0537109375 0 0.0947265625
0 0.08203125 0.0302734375 0.1201171875 0.01953125 0.1328125 0.0009765625 0.046875 0.0009765625 0.041015623437499996 0.0166015625 0.0498046875 0.0292968765625 0.08203125 0.0302734375