0 0.9006489734375001 0.6519396546875 0.8662161062499999 0.6541397265625 0.8429232796875 0.6772404828125 0.84899966875 0.73004220625 0.8388723546874999 0.956649603125 0.8631779093749999 0.9764502531250001 0.9107762906250001 0.9731501437500001 0.9259672625 0.930248740625 0.9340691140624999 0.6772404828125 0.9006489734375001 0.6519396546875
0 0.92292906875 0.605738146875 0.892547121875 0.61673850625 0.885458003125 0.6420393328125 0.9360945765625001 0.6772404828125 0.9259672625 0.9082480234375 0.9340691140624999 0.930248740625 0.95128555 0.926948634375 0.9644510578125001 0.9016478109375001 0.9766038359375001 0.6376391890625001 0.9614128624999999 0.614538434375 0.92292906875 0.605738146875
0 1 0.579785778125 0.9674892546875 0.5617367093750001 0.9330563812499999 0.570536996875 0.9259672625 0.600237965625 0.9634383281250001 0.614538434375 0.9786292984375 0.6376391890625001 0.970527446875 0.8818471609375 1 0.8626391890624999 1 0.579785778125
0 0.7953249 0.6563397984375 0.7548156406250001 0.6607399421875 0.73759920625 0.6772404828125 0.7315228171875 0.950049390625 0.7355737437500001 0.9676499656249999 0.7578538359375 0.983050465625 0.8014012906250001 0.9819504312499999 0.8165922625 0.956649603125 0.8267195765625001 0.6794405515624999 0.7953249 0.6563397984375
0 0.6839244390625 0.6585398703124999 0.6515170312499999 0.6629400140625 0.6322751328125 0.6838406953125 0.62822420625 0.9258485984375 0.6343005953125 0.9698500343750001 0.6586061515625 0.985250540625 0.702153603125 0.9797503593749999 0.7153191140625 0.954449534375 0.723420965625 0.6838406953125 0.71430638125 0.6695402296874999 0.6839244390625 0.6585398703124999
0 0.5846767515625 0.6607399421875 0.55226934375 0.6629400140625 0.528976521875 0.6794405515624999 0.528976521875 0.9610497468749999 0.53809110625 0.9819504312499999 0.5613839281249999 0.989650684375 0.5968295296874999 0.986350575 0.614045965625 0.952249459375 0.6201223546875 0.6882408390625 0.5846767515625 0.6607399421875
0 0.47935267656249997 0.6629400140625 0.44897073593750003 0.6629400140625 0.423652446875 0.6882408390625 0.42567790937499994 0.950049390625 0.4297288359375 0.974250178125 0.4560598546875 0.989650684375 0.4915054546875 0.988550646875 0.5107473546875 0.965449890625 0.5147982796874999 0.6904409140625 0.47935267656249997 0.6629400140625
0 0.3375702703125 0.6651400859375001 0.3203538359375 0.6816406265625 0.3183283734375 0.7542429937499999 0.3244047625 0.9676499656249999 0.33351934375000003 0.984150503125 0.3588376328125 0.991850753125 0.3963086984375 0.986350575 0.40947420625 0.943449171875 0.40744874375 0.6838406953125 0.3578249 0.6629400140625 0.3375702703125 0.6651400859375001
0 0.26667906874999997 0.6607399421875 0.236297121875 0.6629400140625 0.2150297625 0.6838406953125 0.22920800312499998 0.947849315625 0.2352843921875 0.972050109375 0.2514880953125 0.983050465625 0.2970610109375 0.9797503593749999 0.312251984375 0.9610497468749999 0.30212466875 0.6860407703125 0.26667906874999997 0.6607399421875
0 0.1613549953125 0.6651400859375001 0.1248966609375 0.6695402296874999 0.10362929843749999 0.6904409140625 0.11578207656249999 0.7432426375000001 0.123883928125 0.9698500343750001 0.146164021875 0.991850753125 0.181609625 0.99075071875 0.20490244687499998 0.965449890625 0.1947751328125 0.6882408390625 0.1613549953125 0.6651400859375001
0 0.051979995312500006 0.6585398703124999 0.0114707359375 0.6717403015625 0.0023561515625 0.6926409828125 0.0185598546875 0.950049390625 0.0398272171875 0.986350575 0.0570436515625 0.987450609375 0.08641286249999999 0.984150503125 0.097552909375 0.972050109375 0.1016038359375 0.8906474484375 0.093501984375 0.6838406953125 0.08438740156249999 0.6695402296874999 0.051979995312500006 0.6585398703124999
0 0 0.9148572187499999 0.0084325390625 0.9258485984375 0.0023561515625 0.6816406265625 0.038814484375 0.6552397640625001 0.038814484375 0.639839259375 0.0296999 0.62553879375 0 0.6158607218750001 0 0.9148572187499999
0 0 0.6013604515625001 0.003368884375 0.6123383625 0.038814484375 0.6332390453125 0.042865409375 0.6552397640625001 0.0509672625 0.6552397640625001 0.060081846875 0.62553879375 0.0894510578125 0.604638109375 0.08236193593749999 0.583737428125 0.054005454687499996 0.570536996875 0.0236235125 0.57273706875 0 0.5942914859374999 0 0.6013604515625001
0 0.1441385578125 0.6596399078124999 0.1390749 0.62553879375 0.09856564062499999 0.6123383625 0.0570436515625 0.631038971875 0.0550181875 0.6530396890625 0.095527446875 0.6794405515624999 0.1441385578125 0.6596399078124999
0 0.2383225875 0.6607399421875 0.2413607796875 0.635439115625 0.2038897140625 0.61673850625 0.1633804546875 0.627738865625 0.1542658734375 0.6574398328125 0.1988260578125 0.6794405515624999 0.2383225875 0.6607399421875
0 0.3487103171875 0.6552397640625001 0.3436466609375 0.623338721875 0.3031374015625 0.6101382906249999 0.261615409375 0.6332390453125 0.264653603125 0.6541397265625 0.3061755953125 0.6750404078125001 0.3487103171875 0.6552397640625001
0 0.452008928125 0.6574398328125 0.44694527031250003 0.627738865625 0.402385084375 0.614538434375 0.364914021875 0.6332390453125 0.3679522171875 0.6585398703124999 0.41149966875 0.6750404078125001 0.452008928125 0.6574398328125
0 0.5553075390625 0.6574398328125 0.5553075390625 0.631038971875 0.5218874015625 0.614538434375 0.47530175156250004 0.62553879375 0.4702380953125 0.6574398328125 0.5127728171875 0.6772404828125 0.5553075390625 0.6574398328125
0 0.6606316140625 0.6530396890625 0.6535424921875 0.623338721875 0.6089823062499999 0.6101382906249999 0.57353670625 0.6288389015625 0.5745494390625 0.6563397984375 0.6201223546875 0.6750404078125001 0.6606316140625 0.6530396890625
0 0.763930225 0.6508396203125 0.758866565625 0.62553879375 0.7122809203125 0.6101382906249999 0.6748098546875 0.6288389015625 0.677848046875 0.6541397265625 0.7274718921875001 0.6728403390625 0.763930225 0.6508396203125
0 0.8672288359375001 0.6508396203125 0.8601397140625 0.62113865 0.8054522171875 0.6101382906249999 0.778108465625 0.626638828125 0.7811466609375 0.6519396546875 0.830770503125 0.6750404078125001 0.8672288359375001 0.6508396203125
0 0.90368716875 0.582637390625 0.8722924921875 0.56393678125 0.8236813812499999 0.574937140625 0.8165922625 0.604638109375 0.8621651796875 0.62113865 0.8753306875 0.6486395453125 0.9057126328124999 0.602438040625 0.90368716875 0.582637390625
0 0.9381200390625001 0.536435884375 0.9006489734375001 0.5199353453125 0.8662161062499999 0.5265355609375 0.859126984375 0.560636671875 0.8986235125 0.574937140625 0.911789021875 0.602438040625 0.9219163359375001 0.600237965625 0.9239417984375 0.578237246875 0.942170965625 0.560636671875 0.9381200390625001 0.536435884375
0 0.8348214281249999 0.536435884375 0.8095031421875 0.5221354171875 0.76696841875 0.5287356328125 0.7538029093749999 0.545236171875 0.7558283734375 0.560636671875 0.8105158734375 0.589237609375 0.8408978171875001 0.560636671875 0.8348214281249999 0.536435884375
0 0.802414021875 0.606838184375 0.8003885578125001 0.582637390625 0.7608920312499999 0.566136853125 0.7244336984374999 0.574937140625 0.7153191140625 0.604638109375 0.7619047625 0.626638828125 0.802414021875 0.606838184375
0 0.7355737437500001 0.540836028125 0.7082299953125 0.5243354890624999 0.663669809375 0.5331357765625 0.6565806875 0.560636671875 0.692026290625 0.5771372125 0.7051917984375 0.602438040625 0.73962466875 0.562836746875 0.7355737437500001 0.540836028125
0 0.7011408734375 0.606838184375 0.6960772171875 0.5815373562499999 0.6393642546875 0.568336925 0.614045965625 0.582637390625 0.6130332328125 0.60793821875 0.6626570765625 0.631038971875 0.7011408734375 0.606838184375
0 0.6363260578125 0.565036815625 0.6343005953125 0.5430360984375 0.6150586984374999 0.5287356328125 0.5623966609375 0.5375359203125 0.5553075390625 0.565036815625 0.599867725 0.589237609375 0.6363260578125 0.565036815625
0 0.5978422625 0.609038253125 0.5958167984375 0.5870375343750001 0.5563202703125001 0.570536996875 0.5198619359375 0.579337284375 0.5087218921875001 0.606838184375 0.559358465625 0.6332390453125 0.5978422625 0.609038253125
0 0.533027446875 0.569436959375 0.5299892546875 0.539735990625 0.49353092031249995 0.5265355609375 0.452008928125 0.547436240625 0.4570725875 0.568336925 0.4985945765625 0.589237609375 0.533027446875 0.569436959375
0 0.4945436515625 0.613438396875 0.4945436515625 0.5870375343750001 0.4651744390625 0.570536996875 0.41656332812499997 0.579337284375 0.40744874375 0.609038253125 0.46011077968749997 0.6376391890625001 0.4945436515625 0.613438396875
0 0.435805225 0.545236171875 0.4206142546875 0.5287356328125 0.3841559203125 0.5265355609375 0.35478670625 0.545236171875 0.359850365625 0.566136853125 0.39732142812500004 0.5870375343750001 0.43377976250000005 0.567236890625 0.435805225 0.545236171875
0 0.393270503125 0.611238328125 0.3912450390625 0.5804373218750001 0.3375702703125 0.568336925 0.3132647140625 0.5815373562499999 0.3061755953125 0.604638109375 0.35478670625 0.6332390453125 0.393270503125 0.611238328125
0 0.2565517515625 0.574937140625 0.22414434375 0.5771372125 0.202876984375 0.5914376781249999 0.1988260578125 0.609038253125 0.2383225875 0.6299389375 0.24541170625 0.6530396890625 0.254526290625 0.6541397265625 0.261615409375 0.6288389015625 0.28794642812500004 0.609038253125 0.28794642812500004 0.593637753125 0.2565517515625 0.574937140625
0 0.3304811515625 0.551836384375 0.3051628625 0.5331357765625 0.2565517515625 0.5419360625 0.24946263281249997 0.569436959375 0.2849082328125 0.5859375 0.2940228171875 0.604638109375 0.33250661406250004 0.565036815625 0.3304811515625 0.551836384375
0 0.23730985468750002 0.549636315625 0.22616980937500003 0.5353358484374999 0.183635084375 0.5309357046875001 0.1562913359375 0.547436240625 0.1562913359375 0.567236890625 0.1947751328125 0.5914376781249999 0.2352843921875 0.571637034375 0.23730985468750002 0.549636315625
0 0.19274966875 0.609038253125 0.18768601093749998 0.583737428125 0.1370494390625 0.570536996875 0.10565476250000001 0.589237609375 0.1066674921875 0.6101382906249999 0.14818948437499999 0.6332390453125 0.19274966875 0.609038253125
0 0.1319857796875 0.547436240625 0.10261656562499999 0.5309357046875001 0.056030920312499996 0.539735990625 0.0489417984375 0.565036815625 0.08438740156249999 0.583737428125 0.093501984375 0.606838184375 0.1319857796875 0.569436959375 0.1319857796875 0.547436240625
0 1 0.52041406875 0.9836929578125 0.5199353453125 0.966476521875 0.532035740625 0.9624255953124999 0.556236528125 1 0.578213071875 1 0.52041406875