0 0.083984375 0.68609331875 0.091796875 0.9299904765625 0.10644531093750001 0.9713469531250001 0.15234375 0.9745282218750001 0.17578125 0.9554406156249999 0.166015625 0.7369935953125 0.171875 0.68609331875 0.1494140609375 0.6638244453125 0.11621093906249999 0.6617036015625 0.083984375 0.68609331875
0 0.0576171890625 0.6256492375 0.04296875 0.6479181109375001 0.0546875 0.9024194953125001 0.06738281093750001 0.9268092109375001 0.083984375 0.9299904765625 0.091796875 0.908782028125 0.08203125 0.68609331875 0.130859375 0.6521598 0.12402343906249999 0.6277700828125 0.09472656093750001 0.617165859375 0.0576171890625 0.6256492375
0 0.0078125 0.5991386765625 0.01953125 0.8642442875 0.048828125 0.8833318890624999 0.041015625 0.6479181109375001 0.0556640609375 0.6256492375 0.091796875 0.6118637453125 0.08496093906249999 0.583232340625 0.0517578109375 0.5747489609375 0.0078125 0.5991386765625
0 0.1875 0.6882141609375 0.197265625 0.9554406156249999 0.2119140609375 0.9798303328125 0.25390625 0.980890753125 0.275390625 0.9660448421875 0.279296875 0.9490780828125001 0.2734375 0.68609331875 0.2568359390625 0.67018698125 0.2177734390625 0.6659452906250001 0.1875 0.6882141609375
0 0.2958984390625 0.6786703593750001 0.287109375 0.69245585 0.294921875 0.9533197734375 0.3076171890625 0.9777094875 0.349609375 0.9830116015625 0.373046875 0.968165684375 0.37890625 0.9257487859375001 0.375 0.69245585 0.3564453109375 0.6723078250000001 0.3251953109375 0.6680661359375 0.2958984390625 0.6786703593750001
0 0.38671875 0.696697540625 0.392578125 0.9511989249999999 0.4091796890625 0.9840720218750001 0.443359375 0.9872532906249999 0.4658203109375 0.9798303328125 0.474609375 0.9596823046875 0.474609375 0.6882141609375 0.4521484390625 0.6723078250000001 0.4208984390625 0.67018698125 0.38671875 0.696697540625
0 0.48828125 0.6988183875 0.4921875 0.9639239937499999 0.5107421890625 0.9861928671875001 0.544921875 0.9872532906249999 0.5703125 0.9724073734375 0.57421875 0.9490780828125001 0.576171875 0.696697540625 0.5517578109375 0.6723078250000001 0.5224609390625 0.6723078250000001 0.48828125 0.6988183875
0 0.6396484390625 0.6723078250000001 0.591796875 0.69245585 0.58984375 0.9427155453125 0.6025390609375 0.9840720218750001 0.638671875 0.9893741328125 0.6630859390625 0.9819511765625 0.671875 0.9660448421875 0.677734375 0.7603228859375 0.67578125 0.6903350078125 0.6591796890625 0.6744286703125 0.6396484390625 0.6723078250000001
0 0.693359375 0.6945766984375 0.68359375 0.9596823046875 0.6982421890625 0.9777094875 0.7421875 0.980890753125 0.7578125 0.97028653125 0.763671875 0.9469572359375 0.77734375 0.69245585 0.7568359390625 0.6723078250000001 0.7275390609375 0.67018698125 0.693359375 0.6945766984375
0 0.796875 0.696697540625 0.787109375 0.9639239937499999 0.8095703109375 0.9883137124999999 0.84375 0.9893741328125 0.865234375 0.968165684375 0.873046875 0.7497186640625 0.884765625 0.6988183875 0.8642578109375 0.6786703593750001 0.8291015609375 0.6744286703125 0.796875 0.696697540625
0 0.9033203109375 0.6786703593750001 0.89453125 0.69245585 0.88671875 0.89181526875 0.890625 0.97028653125 0.9013671890625 0.9819511765625 0.9296875 0.9851324437500001 0.9462890609375 0.9840720218750001 0.966796875 0.9490780828125001 0.982421875 0.7009392296875 0.9736328109375 0.6807912046875 0.9345703109375 0.6680661359375 0.9033203109375 0.6786703593750001
0 0.9951171890625 0.62352839375 0.9560546890625 0.6362534625 0.947265625 0.6500389531249999 0.947265625 0.6648848703125 0.982421875 0.6903350078125 0.9765625 0.9257487859375001 0.986328125 0.9130237171875001 0.98828125 0.85151921875 1 0.8472775296874999 0.9921875 0.8366733015625 1 0.8303107703125001 0.9951171890625 0.62352839375
0 0.9052734390625 0.595957409375 0.8984375 0.616105434375 0.9267578109375 0.6362534625 0.935546875 0.6648848703125 0.943359375 0.6648848703125 0.947265625 0.6436764203124999 0.9814453109375 0.62352839375 0.986328125 0.6076220546875 0.9619140609375 0.5853531859375 0.9326171890625 0.583232340625 0.9052734390625 0.595957409375
0 0.892578125 0.6882141609375 0.931640625 0.6627640218749999 0.9296875 0.6415555734375 0.8896484390625 0.62352839375 0.8505859390625 0.6362534625 0.845703125 0.669126559375 0.892578125 0.6882141609375
0 0.79296875 0.6882141609375 0.8359375 0.6670057125 0.8271484390625 0.6383743078124999 0.7880859390625 0.6277700828125 0.751953125 0.6457972625 0.7548828109375 0.67018698125 0.79296875 0.6882141609375
0 0.689453125 0.6839724703125001 0.7294921890625 0.6638244453125 0.732421875 0.6436764203124999 0.6923828109375 0.6214075484375 0.6533203109375 0.6341326171875 0.6484375 0.6648848703125 0.689453125 0.6839724703125001
0 0.587890625 0.6839724703125001 0.6298828109375 0.6680661359375 0.6328125 0.6436764203124999 0.5966796890625 0.6256492375 0.5537109390625 0.6383743078124999 0.548828125 0.6670057125 0.587890625 0.6839724703125001
0 0.490234375 0.68609331875 0.53125 0.6670057125 0.5263671890625 0.6362534625 0.4814453109375 0.6256492375 0.44921875 0.6415555734375 0.44921875 0.6670057125 0.490234375 0.68609331875
0 0.38671875 0.6839724703125001 0.4306640609375 0.6659452906250001 0.431640625 0.6394347312499999 0.3974609390625 0.6214075484375 0.3544921890625 0.6341326171875 0.34765625 0.6627640218749999 0.38671875 0.6839724703125001
0 0.283203125 0.681851628125 0.3310546890625 0.6638244453125 0.333984375 0.6394347312499999 0.2978515609375 0.6214075484375 0.2529296890625 0.6362534625 0.248046875 0.6606431796875001 0.283203125 0.681851628125
0 0.18359375 0.6839724703125001 0.2314453109375 0.6617036015625 0.234375 0.6373138843749999 0.2080078109375 0.6214075484375 0.1552734390625 0.6320117734374999 0.1484375 0.6606431796875001 0.18359375 0.6839724703125001
0 0.111328125 0.6139845921875 0.140625 0.6585223328125 0.1533203109375 0.6320117734374999 0.197265625 0.616105434375 0.1904296890625 0.58747403125 0.1435546890625 0.5768698062500001 0.11328125 0.5948969859375 0.111328125 0.6139845921875
0 0.076171875 0.5736885375 0.09375 0.590655296875 0.095703125 0.6118637453125 0.10546875 0.6139845921875 0.11816406093750001 0.58747403125 0.15625 0.5736885375 0.1494140609375 0.54081544375 0.11621093906249999 0.5344529078125 0.080078125 0.550359246875 0.076171875 0.5736885375
0 0.173828125 0.5736885375 0.203125 0.6012595234375 0.255859375 0.5736885375 0.2578125 0.5588426265625001 0.2451171890625 0.5429362875 0.2041015609375 0.536573753125 0.1796875 0.550359246875 0.173828125 0.5736885375
0 0.25 0.6373138843749999 0.294921875 0.616105434375 0.2861328109375 0.58747403125 0.2509765609375 0.5789906515625 0.212890625 0.5948969859375 0.2109375 0.6182262828125 0.25 0.6373138843749999
0 0.271484375 0.5758093843750001 0.3046875 0.6139845921875 0.3173828109375 0.589594875 0.3515625 0.5736885375 0.3447265609375 0.547177978125 0.3017578109375 0.5386945984375 0.275390625 0.5546009359374999 0.271484375 0.5758093843750001
0 0.345703125 0.6415555734375 0.3935546890625 0.619286703125 0.392578125 0.5948969859375 0.3681640609375 0.5811114953125001 0.3134765609375 0.593836565625 0.30859375 0.6182262828125 0.345703125 0.6415555734375
0 0.40625 0.6012595234375 0.44921875 0.5779302265624999 0.4423828109375 0.5514196671875 0.3916015609375 0.5429362875 0.373046875 0.556721778125 0.37109375 0.5779302265624999 0.40625 0.6012595234375
0 0.4453125 0.6436764203124999 0.494140625 0.6182262828125 0.4833984390625 0.5917157203125 0.4482421890625 0.583232340625 0.41015625 0.5991386765625 0.408203125 0.620347125 0.4453125 0.6436764203124999
0 0.50390625 0.6012595234375 0.5439453109375 0.5811114953125001 0.548828125 0.56096346875 0.5087890609375 0.54081544375 0.4736328109375 0.5535405124999999 0.470703125 0.5821719171875 0.50390625 0.6012595234375
0 0.541015625 0.6479181109375001 0.591796875 0.620347125 0.5830078109375 0.5917157203125 0.5361328109375 0.583232340625 0.5078125 0.5991386765625 0.5078125 0.6245888140625 0.541015625 0.6479181109375001
0 0.56640625 0.580051075 0.6015625 0.5991386765625 0.6376953109375 0.5789906515625 0.642578125 0.5588426265625001 0.6142578109375 0.54081544375 0.5791015609375 0.5429362875 0.564453125 0.5588426265625001 0.56640625 0.580051075
0 0.642578125 0.6436764203124999 0.689453125 0.616105434375 0.6826171890625 0.593836565625 0.6591796890625 0.5811114953125001 0.607421875 0.59277614375 0.60546875 0.622467971875 0.642578125 0.6436764203124999
0 0.70703125 0.6055012140625 0.70703125 0.620347125 0.732421875 0.6394347312499999 0.7392578109375 0.6638244453125 0.748046875 0.6627640218749999 0.7548828109375 0.640495153125 0.79296875 0.620347125 0.7890625 0.603380365625 0.7685546890625 0.589594875 0.7373046890625 0.58747403125 0.70703125 0.6055012140625
0 0.6640625 0.5779302265624999 0.701171875 0.616105434375 0.7099609390625 0.5980782546875 0.744140625 0.5821719171875 0.7373046890625 0.5556613578125 0.6904296890625 0.547177978125 0.666015625 0.5652051578124999 0.6640625 0.5779302265624999
0 0.7578125 0.5842927640625 0.796875 0.603380365625 0.833984375 0.580051075 0.833984375 0.56096346875 0.8076171890625 0.5450571328125 0.7666015609375 0.5492988234375 0.755859375 0.563084315625 0.7578125 0.5842927640625
0 0.841796875 0.6436764203124999 0.8818359390625 0.6214075484375 0.8828125 0.6012595234375 0.8525390609375 0.583232340625 0.8037109390625 0.595957409375 0.798828125 0.620347125 0.841796875 0.6436764203124999
0 0.857421875 0.5821719171875 0.89453125 0.6182262828125 0.9033203109375 0.595957409375 0.9375 0.5779302265624999 0.9306640609375 0.5535405124999999 0.8857421890625 0.5450571328125 0.857421875 0.56096346875 0.857421875 0.5821719171875
0 0 0.83879415 0.01171875 0.83879415 0.005859375 0.5991386765625 0.056640625 0.569446846875 0.052734375 0.54611755625 0.036132810937499996 0.5344529078125 0 0.5355133296875 0 0.83879415