0 0.1953125 0.3840071296875 0.1884765625 0.35334496249999997 0.1298828125 0.32706310625 0.1005859375 0.3299833125 0.0830078125 0.35042475781250004 0.0478515625 0.3591853765625 0.03515625 0.3694060984375 0.033203125 0.39276775 0.04296875 0.4891345578125 0.08203125 0.71983085625 0.087890625 0.7899158078124999 0.1103515625 0.8118173546874999 0.150390625 0.8132774578124999 0.2060546875 0.7942961171875 0.2236328125 0.782615290625 0.23046875 0.7694743625 0.2265625 0.6906287921875001 0.197265625 0.44241125625000005 0.1953125 0.3840071296875
0 0.3623046875 0.31538228125 0.2705078125 0.3066216625 0.2490234375 0.32706310625 0.2119140625 0.33874393281250004 0.19921875 0.354805065625 0.203125 0.4686931125 0.23828125 0.78407539375 0.2705078125 0.8118173546874999 0.318359375 0.8132774578124999 0.3701171875 0.7942961171875 0.390625 0.7694743625 0.365234375 0.4336506375 0.373046875 0.3898475421875 0.373046875 0.3577252734375 0.3623046875 0.31538228125
0 0.3916015625 0.4088288828125 0.37109375 0.427810225 0.376953125 0.5387780640625001 0.39453125 0.73735209375 0.404296875 0.7869956 0.4365234375 0.8059769421875 0.46875 0.8045168390624999 0.5009765625 0.7942961171875 0.525390625 0.76363395 0.5078125 0.4132091921875 0.4912109375 0.39422785312499997 0.4345703125 0.3883874390625 0.3916015625 0.4088288828125
0 0.5185546875 0.39422785312499997 0.509765625 0.41028898593749996 0.509765625 0.427810225 0.533203125 0.7694743625 0.5458984375 0.785535496875 0.5703125 0.7869956 0.5869140625 0.782615290625 0.6015625 0.76363395 0.58984375 0.404448575 0.5771484375 0.3854672328125 0.5458984375 0.37962681875 0.5185546875 0.39422785312499997
0 0.591796875 0.3956879546875 0.60546875 0.74319250625 0.6142578125 0.773854671875 0.6318359375 0.782615290625 0.650390625 0.7811551890625 0.6689453125 0.773854671875 0.6796875 0.74903291875 0.669921875 0.3869273359375 0.6630859375 0.3767066140625 0.6201171875 0.3737864078125 0.591796875 0.3956879546875
0 0.68359375 0.751953125 0.6962890625 0.7680142609375 0.720703125 0.7665541578124999 0.732421875 0.7577935375 0.736328125 0.71983085625 0.73046875 0.4248900171875 0.6943359375 0.417589503125 0.673828125 0.43657084218750003 0.68359375 0.751953125
0 0.736328125 0.73735209375 0.7490234375 0.759253640625 0.7734375 0.76071374375 0.791015625 0.7402722984375 0.7890625 0.41904960625000004 0.7529296875 0.4088288828125 0.7392578125 0.414669296875 0.732421875 0.427810225 0.736328125 0.73735209375
0 0.79296875 0.73735209375 0.8037109375 0.7534132265625 0.826171875 0.751953125 0.833984375 0.73735209375 0.833984375 0.4336506375 0.8291015625 0.420509709375 0.8017578125 0.417589503125 0.791015625 0.427810225 0.79296875 0.73735209375
0 0.837890625 0.73735209375 0.8525390625 0.762173846875 0.888671875 0.76363395 0.900390625 0.74903291875 0.908203125 0.5358578578125 0.8916015625 0.5197967218749999 0.8623046875 0.5168765171875 0.841796875 0.5329376531250001 0.837890625 0.73735209375
0 0.90234375 0.74319250625 0.9150390625 0.759253640625 0.951171875 0.7577935375 0.962890625 0.74319250625 0.970703125 0.5270972390625001 0.9599609375 0.5168765171875 0.9208984375 0.5139563109374999 0.908203125 0.5270972390625001 0.90234375 0.74319250625
0 1 0.5533790953125 0.9912109375 0.5519189921875001 0.9775390625 0.55775940625 0.97265625 0.570900334375 0.970703125 0.7402722984375 0.9814453125 0.759253640625 1 0.7577935375 1 0.5533790953125