0 0.08984375 0.7323651453125 0.083984375 0.699170125 0.0732421875 0.6763485484375 0.0634765625 0.663900415625 0.0439453125 0.663900415625 0.0322265625 0.6763485484375 0.021484375 0.7074688796874999 0.021484375 0.7531120328124999 0.0703125 0.9273858921875 0.078125 0.9771784234374999 0.0927734375 0.995850621875 0.1171875 0.9937759343750001 0.1337890625 0.9792531125 0.14453125 0.9522821578125 0.1484375 0.935684646875 0.1484375 0.894190871875 0.12109375 0.8360995843750001 0.08984375 0.7323651453125
0 0.1337890625 0.634854771875 0.1259765625 0.6265560171875 0.1025390625 0.63070539375 0.0859375 0.67012448125 0.0859375 0.7074688796874999 0.107421875 0.76970954375 0.125 0.8402489624999999 0.146484375 0.8817427390624999 0.1484375 0.9107883812500001 0.154296875 0.9315352703125 0.1708984375 0.9502074687500001 0.18359375 0.9481327796875 0.1982421875 0.9377593359375 0.21484375 0.9024896265625 0.21484375 0.8319502078125 0.189453125 0.7738589218749999 0.1796875 0.7365145234375 0.1337890625 0.634854771875
0 0.2734375 0.5207468875 0.267578125 0.5082987546875 0.2578125 0.354771784375 0.2451171875 0.3402489625 0.2236328125 0.336099584375 0.1962890625 0.3568464734375 0.189453125 0.37136929531249996 0.189453125 0.4004149375 0.19921875 0.5124481328125 0.20703125 0.5497925312499999 0.20703125 0.62033195 0.22265625 0.8236514515625 0.2294921875 0.8423236515625 0.2412109375 0.85062240625 0.259765625 0.8485477171875001 0.2783203125 0.8381742734375001 0.287109375 0.8236514515625 0.287109375 0.76970954375 0.2734375 0.5995850625 0.275390625 0.5414937765625 0.2734375 0.5207468875
0 0.3720703125 0.315352696875 0.3388671875 0.31120331874999996 0.3125 0.33402489687500003 0.3125 0.375518671875 0.326171875 0.553941909375 0.33203125 0.765560165625 0.3359375 0.7946058093749999 0.3427734375 0.8049792531250001 0.375 0.8070539421875 0.3896484375 0.7966804984375 0.396484375 0.7821576765625 0.37890625 0.37966805 0.380859375 0.354771784375 0.37890625 0.32987551875 0.3720703125 0.315352696875
0 0.4375 0.3879668046875 0.443359375 0.5373443984375 0.4453125 0.7738589218749999 0.4599609375 0.7966804984375 0.478515625 0.7946058093749999 0.4921875 0.7780082984375001 0.490234375 0.383817428125 0.4814453125 0.365145228125 0.4619140625 0.36099585 0.4443359375 0.36929460625 0.4375 0.3879668046875
0 0.513671875 0.744813278125 0.515625 0.765560165625 0.5224609375 0.7800829874999999 0.548828125 0.7821576765625 0.5625 0.74896265625 0.564453125 0.36307053906250003 0.5556640625 0.3485477171875 0.5341796875 0.344398340625 0.515625 0.3589211625 0.513671875 0.744813278125
0 0.712890625 0.645228215625 0.708984375 0.624481328125 0.6962890625 0.60995850625 0.6748046875 0.6182572609375 0.6357421875 0.663900415625 0.6123046875 0.680497925 0.5595703125 0.7593361 0.552734375 0.7738589218749999 0.55859375 0.8319502078125 0.5751953125 0.8589211625000001 0.583984375 0.8568464734375001 0.591796875 0.8402489624999999 0.591796875 0.8070539421875 0.5986328125 0.7883817421875 0.6650390625 0.7012448124999999 0.7021484375 0.6680497921875 0.712890625 0.645228215625
0 0.7470703125 0.68879668125 0.75390625 0.6742738593750001 0.748046875 0.6535269703125001 0.7353515625 0.63900415 0.7197265625 0.6431535265625 0.5966796875 0.7966804984375 0.591796875 0.815352696875 0.59375 0.8568464734375001 0.6103515625 0.8921161828124999 0.626953125 0.894190871875 0.6328125 0.8817427390624999 0.6328125 0.8485477171875001 0.6376953125 0.82987551875 0.6650390625 0.800829875 0.7060546875 0.734439834375 0.7470703125 0.68879668125
0 0.79296875 0.69087136875 0.7822265625 0.6721991703125 0.7705078125 0.6680497921875 0.7138671875 0.73029045625 0.6650390625 0.8049792531250001 0.6396484375 0.82987551875 0.6328125 0.8526970953124999 0.63671875 0.8983402484375 0.6552734375 0.9336099578124999 0.669921875 0.9315352703125 0.677734375 0.914937759375 0.677734375 0.885892115625 0.6865234375 0.854771784375 0.7880859375 0.7178423234375 0.79296875 0.7074688796874999 0.79296875 0.69087136875
0 0.8291015625 0.7053941906250001 0.8212890625 0.6970954359375 0.7978515625 0.7012448124999999 0.7685546875 0.75103734375 0.7080078125 0.825726140625 0.681640625 0.8734439828125 0.677734375 0.9107883812500001 0.685546875 0.9481327796875 0.7001953125 0.97095435625 0.71484375 0.9730290453125001 0.7392578125 0.9626556015625001 0.7783203125 0.875518671875 0.83203125 0.7987551875000001 0.841796875 0.76970954375 0.841796875 0.744813278125 0.8291015625 0.7053941906250001
0 0.9248046875 0.24066390000000001 0.8701171875 0.24896265624999997 0.857421875 0.2676348546875 0.861328125 0.3464730296875 0.853515625 0.421161825 0.8515625 0.495850621875 0.845703125 0.5124481328125 0.84375 0.5622406640625 0.833984375 0.5871369296875 0.84375 0.6037344390625 0.845703125 0.6327800828125001 0.841796875 0.7116182578125 0.8583984375 0.7427385890625 0.8759765625 0.7593361 0.8955078125 0.7676348546875 0.93359375 0.765560165625 0.9541015625 0.7468879671875001 0.962890625 0.7074688796874999 0.984375 0.2883817421875 0.9775390625 0.26970954375 0.9501953125 0.24896265624999997 0.9248046875 0.24066390000000001
0 0.857421875 0.5829875515625 0.845703125 0.5663900421875 0.84375 0.5414937765625 0.849609375 0.4792531125 0.8515625 0.3879668046875 0.859375 0.3381742734375 0.859375 0.3215767640625 0.853515625 0.304979253125 0.857421875 0.25103734375000003 0.8466796875 0.23236514531250002 0.8134765625 0.215767634375 0.7705078125 0.215767634375 0.7470703125 0.22821576718749997 0.73828125 0.2427385890625 0.732421875 0.6286307046874999 0.7587890625 0.6680497921875 0.7763671875 0.663900415625 0.8017578125 0.6970954359375 0.8212890625 0.68879668125 0.83984375 0.7033195015625 0.845703125 0.6493775937499999 0.841796875 0.62033195 0.8486328125 0.60995850625 0.8564453125 0.60995850625 0.859375 0.595435684375 0.857421875 0.5829875515625
0 0.5751953125 0.2199170125 0.5625 0.25103734375000003 0.56640625 0.5 0.5703125 0.52904564375 0.5703125 0.6618257265625 0.5771484375 0.6763485484375 0.609375 0.6784232359375 0.6318359375 0.663900415625 0.68359375 0.6037344390625 0.68359375 0.2468879671875 0.6767578125 0.224066390625 0.6611328125 0.215767634375 0.5751953125 0.2199170125
0 0.4423828125 0.36929460625 0.4521484375 0.36099585 0.4755859375 0.36099585 0.490234375 0.375518671875 0.4921875 0.6369294609375 0.4951171875 0.6431535265625 0.50390625 0.616182571875 0.505859375 0.595435684375 0.498046875 0.1265560171875 0.4892578125 0.1078838171875 0.4541015625 0.0871369296875 0.3935546875 0.095435684375 0.3662109375 0.1120331953125 0.3515625 0.13900415 0.3515625 0.163900415625 0.36328125 0.184647303125 0.373046875 0.31327800781250004 0.380859375 0.32987551875 0.3828125 0.4419087140625 0.390625 0.5331950203125 0.39453125 0.67012448125 0.4169921875 0.684647303125 0.4375 0.6825726140625 0.443359375 0.6742738593750001 0.44140625 0.5622406640625 0.4375 0.5497925312499999 0.44140625 0.5373443984375 0.4375 0.37966805 0.4423828125 0.36929460625
0 0.3447265625 0.3070539421875 0.3505859375 0.294605809375 0.3623046875 0.294605809375 0.36328125 0.25103734375000003 0.359375 0.19294605781250002 0.3515625 0.180497925 0.3447265625 0.12448132812499998 0.3212890625 0.1078838171875 0.2822265625 0.10373443906249999 0.2431640625 0.116182571875 0.2138671875 0.1369294609375 0.203125 0.1597510375 0.203125 0.2136929453125 0.2109375 0.2717842328125 0.212890625 0.32987551875 0.2431640625 0.3402489625 0.2578125 0.354771784375 0.267578125 0.49170124531250003 0.279296875 0.5207468875 0.27734375 0.645228215625 0.28125 0.69087136875 0.2861328125 0.6970954359375 0.302734375 0.695020746875 0.326171875 0.6825726140625 0.31640625 0.4336099578125 0.30859375 0.3589211625 0.310546875 0.33402489687500003 0.3173828125 0.319502075 0.3447265625 0.3070539421875