0 0.797689284375 0.4431797109375 0.7520487515625 0.4496997859375 0.7335752046875 0.4659999765625 0.7314018453125 0.8658979734375001 0.741181959375 0.877851446875 0.764002225 0.8854582015625001 0.8129027953125 0.8843715218750001 0.8292029859375001 0.8745914078125001 0.833549703125 0.86155125625 0.8400697796875001 0.4659999765625 0.8302896640625 0.4562198640625 0.797689284375 0.4431797109375
0 0.634687384375 0.4431797109375 0.6227339109375001 0.45730654218750005 0.6270806296875 0.83981766875 0.6292539875000001 0.85503118125 0.6390341015625001 0.8669846531250001 0.6748945187500001 0.8745914078125001 0.708581578125 0.8713313703125 0.7270551281250001 0.852857821875 0.7314018453125 0.45730654218750005 0.719448371875 0.4431797109375 0.69336806875 0.43883299375 0.6868479921875 0.43231291718750003 0.6672877640625 0.43231291718750003 0.634687384375 0.4431797109375
0 0.5803534171875 0.41709940625 0.54340631875 0.42579284062499995 0.5292794875 0.439919671875 0.5314528468749999 0.8115640078125 0.5357995640625 0.83329759375 0.5618798671875 0.848511103125 0.6020870046875 0.8495977828125 0.6173005140625001 0.8430777078125 0.6249072703125 0.8311242343749999 0.6227339109375001 0.45295982500000004 0.6314273453125 0.43774631406250003 0.6194738734375 0.42579284062499995 0.5803534171875 0.41709940625
0 0.484725634375 0.40623261250000003 0.4412584609375 0.41492604687499995 0.42713163125 0.42687952031250004 0.43365170624999994 0.813737365625 0.44343182031249995 0.8322109140625 0.47059880468750004 0.83981766875 0.5108059390624999 0.8365576328125 0.5292794875 0.8224308 0.5271061296874999 0.439919671875 0.5314528468749999 0.42687952031250004 0.5194993734375 0.41492604687499995 0.484725634375 0.40623261250000003
0 0.296730109375 0.36385211875 0.30325018593749997 0.47252005312499995 0.29890346874999996 0.6920292796874999 0.30325018593749997 0.7941771375 0.3130303 0.8126506859375 0.34889071875 0.824604159375 0.40213800624999996 0.8235174796875 0.42169823281249996 0.8148240437500001 0.4293049875 0.7985238546875 0.424958271875 0.4290528796875 0.43799842499999997 0.4094926515625 0.43799842499999997 0.3595054015625 0.41735151562499995 0.341031853125 0.39344457187500004 0.33885849375 0.3738843421875 0.3279917 0.3586708328125 0.3279917 0.34128396250000004 0.33885849375 0.315203659375 0.3432052109375 0.29890346874999996 0.355158684375 0.296730109375 0.36385211875
0 0.1826287796875 0.32581834062500004 0.1728486640625 0.33559845625 0.17067530625 0.37254555312500004 0.188062175 0.7594033984374999 0.20218900781250002 0.7865703828124999 0.2402227828125 0.7963504953125 0.2760832015625 0.795263815625 0.29890346874999996 0.78331034375 0.296730109375 0.355158684375 0.30977026093750004 0.33559845625 0.2912967125 0.31929826562499997 0.26304305 0.31712490781249997 0.25434961562499997 0.308431471875 0.22609595312500003 0.308431471875 0.21740251718749998 0.31712490781249997 0.1826287796875 0.32581834062500004
0 0.0381004265625 0.33559845625 0.0467938609375 0.45295982500000004 0.04244714375 0.518160584375 0.0489672203125 0.7441898874999999 0.0609206921875 0.7691835140625 0.0946077515625 0.7789636265625 0.126121453125 0.7800503062499999 0.16306855 0.7691835140625 0.1771953828125 0.752883321875 0.179368740625 0.7289763765624999 0.168501946875 0.37689227187499996 0.168501946875 0.3377718140625 0.1771953828125 0.3225583046875 0.160895190625 0.308431471875 0.1174280171875 0.2975646796875 0.058747334375 0.308431471875 0.04244714375 0.3203849453125 0.0381004265625 0.33559845625
0 0 0.74905485625 0.0304936703125 0.7474499265625 0.044620503125 0.7333230953125 0.0381004265625 0.3225583046875 0.0489672203125 0.31169151093749997 0.0489672203125 0.3008247171875 0.0283203125 0.2845245265625 0 0.2788604640625 0 0.74905485625
0 0.766175584375 0.439919671875 0.769435621875 0.4453530703125 0.797689284375 0.44100635156249995 0.8259429484374999 0.45187314531249995 0.8422431375 0.47252005312499995 0.8357230625 0.83981766875 0.8476765343749999 0.8409043484375 0.8618033671875001 0.8311242343749999 0.8661500828124999 0.8028705734375 0.8704968015625001 0.433399596875 0.8541966109375 0.419272765625 0.8085560781250001 0.41057933125 0.7737823390624999 0.421446125 0.766175584375 0.439919671875
0 0.8129027953125 0.41057933125 0.8194228718750001 0.41709940625 0.8389830999999999 0.41492604687499995 0.8563699687499999 0.419272765625 0.8704968015625001 0.433399596875 0.8683234421874999 0.7985238546875 0.8857103109375 0.7876570609375 0.8900570296874999 0.7594033984374999 0.8965771046875 0.394279140625 0.8607166875000001 0.3736322328125 0.8389830999999999 0.3714588734375 0.7998626437499999 0.3866723859375 0.7944292468749999 0.40514593281250005 0.8031226828125 0.4116660109375 0.7966026046875 0.4138393671875 0.7998626437499999 0.41709940625 0.8129027953125 0.41057933125
0 0.833549703125 0.35733204375 0.833549703125 0.3681988375 0.8846236328125 0.3823256671875 0.8965771046875 0.39210578125 0.8987504625 0.402972575 0.8922303875 0.76157675625 0.9128772953125001 0.7561433609375 0.92048405 0.735496453125 0.922657409375 0.49860035781249995 0.9291774859374999 0.4746934109375 0.93135084375 0.36602547812499997 0.9237440890625 0.35624536406249996 0.8954904265625 0.3432052109375 0.8737568375 0.341031853125 0.8607166875000001 0.3497252875 0.8433298171875 0.3497252875 0.833549703125 0.35733204375
0 0.8726701609375 0.3377718140625 0.9172240125 0.3497252875 0.9291774859374999 0.3595054015625 0.9335242015624999 0.37254555312500004 0.922657409375 0.52685401875 0.922657409375 0.7202829421875 0.943304315625 0.7191962625 0.9530844296875 0.707242790625 0.972644659375 0.33559845625 0.965037903125 0.323644984375 0.9193973703125 0.308431471875 0.8824502734375 0.31929826562499997 0.8726701609375 0.3290783796875 0.8726701609375 0.3377718140625
0 0.7846491328125 0.308431471875 0.7726956609375 0.3182115859375 0.7705223015625 0.3269050203125 0.7759556984375 0.33233841875 0.8150761546874999 0.33885849375 0.833549703125 0.352985325 0.8683234421874999 0.33994517343749997 0.8704968015625001 0.3225583046875 0.865063403125 0.3149515484375 0.8324630234375 0.301911396875 0.8150761546874999 0.301911396875 0.7846491328125 0.308431471875
0 0.7433553171875 0.341031853125 0.7292284859375 0.35733204375 0.7324885250000001 0.3649387984375 0.7542221109375 0.3649387984375 0.782475775 0.3736322328125 0.7944292468749999 0.38341234687500003 0.8292029859375001 0.37254555312500004 0.83137634375 0.352985325 0.8259429484374999 0.34537857031249997 0.77160898125 0.33233841875 0.7433553171875 0.341031853125
0 0.7346618828125 0.3649387984375 0.6922813890625 0.38341234687500003 0.6955414265625001 0.401885896875 0.719448371875 0.397539178125 0.7542221109375 0.408405971875 0.766175584375 0.4181860859375 0.7922558890625 0.4116660109375 0.7944292468749999 0.38341234687500003 0.780302415625 0.3736322328125 0.7346618828125 0.3649387984375
0 0.6803279171875001 0.40623261250000003 0.6640277265625001 0.4181860859375 0.6651144046875 0.43231291718750003 0.6846746328125 0.43013955781249996 0.71510165625 0.44100635156249995 0.7335752046875 0.45730654218750005 0.764002225 0.444266390625 0.76834894375 0.422532803125 0.7585688296875001 0.41057933125 0.712928296875 0.397539178125 0.6803279171875001 0.40623261250000003
0 0.62599395 0.3823256671875 0.5868734921875001 0.391019103125 0.5727466625 0.4007992171875 0.573833340625 0.41709940625 0.6173005140625001 0.4236194828125 0.6336007046875001 0.439919671875 0.6618543671875 0.43122623750000005 0.6640277265625001 0.41601272656250005 0.6727211609375 0.4094926515625 0.6694611234375001 0.397539178125 0.62599395 0.3823256671875
0 0.56513990625 0.3844990265625 0.5129792984375 0.3736322328125 0.47059880468750004 0.394279140625 0.471685484375 0.4040592546875 0.5216727328124999 0.41492604687499995 0.5314528468749999 0.42687952031250004 0.56839994375 0.4181860859375 0.5727466625 0.39210578125 0.56513990625 0.3844990265625
0 0.5129792984375 0.347551928125 0.4966791078125 0.3595054015625 0.4999391453125 0.37797895000000004 0.5303661671875 0.3736322328125 0.556446471875 0.380152309375 0.5749200203125 0.394279140625 0.592306890625 0.3877590640625 0.5966536062500001 0.36602547812499997 0.5966536062500001 0.35733204375 0.5825267765625 0.347551928125 0.5412329609375 0.33885849375 0.5260194499999999 0.3497252875 0.5129792984375 0.347551928125
0 0.682501275 0.35624536406249996 0.6390341015625001 0.347551928125 0.601000325 0.36385211875 0.6129537968750001 0.3649387984375 0.6390341015625001 0.3866723859375 0.6727211609375 0.39862585781250004 0.687934671875 0.3964524984375 0.69662810625 0.37254555312500004 0.682501275 0.35624536406249996
0 0.5868734921875001 0.308431471875 0.5586198312499999 0.31712490781249997 0.5466663578125 0.3269050203125 0.549926396875 0.33885849375 0.584700134375 0.347551928125 0.598826965625 0.3595054015625 0.634687384375 0.3497252875 0.6444674984375001 0.3312517390625 0.6422941390625 0.32473166249999996 0.6042603625 0.308431471875 0.5868734921875001 0.308431471875
0 0.6955414265625001 0.31712490781249997 0.6466408578125 0.3312517390625 0.6422941390625 0.33994517343749997 0.645554178125 0.347551928125 0.682501275 0.35624536406249996 0.69662810625 0.37254555312500004 0.7259684484375 0.3671121578125 0.7400952796875 0.33559845625 0.6955414265625001 0.31712490781249997
0 0.6738078390625 0.2866978859375 0.630340665625 0.2758310921875 0.587960171875 0.296478 0.5912202109375 0.3062581140625 0.628167309375 0.3149515484375 0.6444674984375001 0.3269050203125 0.6738078390625 0.321471625 0.6814145968750001 0.31386486874999997 0.6835879546875 0.296478 0.6738078390625 0.2866978859375
0 0.7259684484375 0.2866978859375 0.6857613125 0.302998075 0.6835879546875 0.31169151093749997 0.6890213515625 0.31712490781249997 0.7259684484375 0.32581834062500004 0.7422686374999999 0.3377718140625 0.7520487515625 0.33885849375 0.7705223015625 0.3290783796875 0.7726956609375 0.316038228125 0.7813890953125 0.30734479375 0.7737823390624999 0.2975646796875 0.7259684484375 0.2866978859375
0 0.54014628125 0.1943301421875 0.56513990625 0.2062836140625 0.584700134375 0.2084569734375 0.6031736828125001 0.22041044687500003 0.6075204000000001 0.226930521875 0.6053470421875 0.2812644890625 0.630340665625 0.2758310921875 0.666201084375 0.27909113125 0.6705478031250001 0.189983425 0.6499008953125001 0.17150987499999998 0.5999136453125 0.15846972343750002 0.5477530374999999 0.17585659375 0.54014628125 0.1834633484375 0.54014628125 0.1943301421875
0 0.484725634375 0.21497704843749998 0.4749455203125 0.226930521875 0.478205559375 0.24105735312499998 0.528192809375 0.24975078750000002 0.5488397171875 0.266050978125 0.5510130734375001 0.316038228125 0.5825267765625 0.308431471875 0.5857868125000001 0.296478 0.6031736828125001 0.2812644890625 0.6075204000000001 0.237797315625 0.6031736828125001 0.2225838046875 0.54340631875 0.19759017968749998 0.484725634375 0.21497704843749998
0 0.42387159218750003 0.2562708640625 0.414091478125 0.2682243375 0.414091478125 0.2812644890625 0.4825522765625 0.2997380390625 0.49450574999999997 0.316038228125 0.4966791078125 0.35081196718749996 0.5423196406249999 0.33559845625 0.5488397171875 0.3203849453125 0.5466663578125 0.2638776203125 0.5303661671875 0.25192414687500003 0.48689899375 0.24105735312499998 0.42387159218750003 0.2562708640625
0 0.3651909078125 0.301911396875 0.35541079375 0.31386486874999997 0.3586708328125 0.3279917 0.38040441875000003 0.3279917 0.435825065625 0.35081196718749996 0.44017178125 0.4094926515625 0.460818690625 0.408405971875 0.478205559375 0.3844990265625 0.492332390625 0.37689227187499996 0.49450574999999997 0.3203849453125 0.4879856734375 0.305171434375 0.42821830937499994 0.2845245265625 0.3651909078125 0.301911396875
0 0.2250092734375 0.29213128125 0.22609595312500003 0.308431471875 0.250002896875 0.3062581140625 0.2782565609375 0.312778190625 0.30216350625 0.323644984375 0.3119436203125 0.33994517343749997 0.339110603125 0.33668513437500003 0.353237434375 0.3269050203125 0.3597575109375 0.29213128125 0.349977396875 0.280177809375 0.2847766359375 0.26496430000000004 0.23913610312500003 0.280177809375 0.2250092734375 0.29213128125
0 0.154375115625 0.24975078750000002 0.1043878671875 0.269311015625 0.0946077515625 0.2812644890625 0.09786779062499999 0.2953913203125 0.154375115625 0.30408475468749996 0.18154209999999998 0.3225583046875 0.22066255468749998 0.30734479375 0.22066255468749998 0.296478 0.2315293484375 0.27909113125 0.22392259375 0.26496430000000004 0.1717619859375 0.24975078750000002 0.154375115625 0.24975078750000002
0 0 0.2784257921875 0.0304936703125 0.2845245265625 0.0489672203125 0.296478 0.0533139375 0.30734479375 0.09243439375 0.294304640625 0.0967811109375 0.2747444125 0.10982126249999999 0.25953090156249997 0.1000411484375 0.245404071875 0.052227257812500004 0.23236391875 0.0326670296875 0.23236391875 0 0.24709610781250002 0 0.2784257921875
0 0.06744076875 0.2062836140625 0.051140578125 0.2182370875 0.0489672203125 0.226930521875 0.0544006171875 0.23236391875 0.0935210734375 0.24105735312499998 0.111994621875 0.25953090156249997 0.1391616046875 0.2562708640625 0.16306855 0.245404071875 0.179368740625 0.22041044687500003 0.1750220234375 0.20954365312499998 0.126121453125 0.1932434625 0.10656122500000001 0.1932434625 0.06744076875 0.2062836140625
0 0.18480213750000002 0.22149712500000002 0.168501946875 0.23562395625 0.1663285890625 0.2443173921875 0.1717619859375 0.24975078750000002 0.21740251718749998 0.26061758125 0.23370270781250002 0.276917771875 0.25434961562499997 0.2758310921875 0.2869499953125 0.262790940625 0.3010768265625 0.2399706734375 0.29890346874999996 0.23127723906250003 0.2869499953125 0.22149712500000002 0.22392259375 0.2084569734375 0.21088244218750002 0.2171504078125 0.18480213750000002 0.22149712500000002
0 0.349977396875 0.223670484375 0.310856940625 0.23671063593750002 0.29455675000000003 0.24866410781249998 0.2956434296875 0.26496430000000004 0.349977396875 0.280177809375 0.36193086874999997 0.298651359375 0.40865808125 0.2866978859375 0.424958271875 0.24866410781249998 0.40648472187499995 0.234537278125 0.349977396875 0.223670484375
0 0.399964646875 0.191070103125 0.369537625 0.195416821875 0.35541079375 0.20737029375 0.3586708328125 0.223670484375 0.40865808125 0.234537278125 0.42713163125 0.24866410781249998 0.471685484375 0.24105735312499998 0.48363895625 0.20519693437500003 0.42821830937499994 0.18237666875 0.40865808125 0.18237666875 0.399964646875 0.191070103125
0 0.4760322 0.145429571875 0.424958271875 0.1639031203125 0.42278491249999994 0.1769432734375 0.42821830937499994 0.18237666875 0.471685484375 0.195416821875 0.4879856734375 0.20954365312499998 0.5368862437499999 0.195416821875 0.5466663578125 0.1682498375 0.534712884375 0.15846972343750002 0.49124571093749997 0.145429571875 0.4760322 0.145429571875
0 0.3564974734375 0.1302160609375 0.319550375 0.14108285468749998 0.30325018593749997 0.1530363265625 0.304336865625 0.16716315937499998 0.3521507546875 0.180203309375 0.364104228125 0.19215678281249998 0.4151781578125 0.180203309375 0.4293049875 0.15738304375 0.42713163125 0.15086296875 0.410831440625 0.13890949531250002 0.3564974734375 0.1302160609375
0 0.2695631265625 0.178029953125 0.2478295390625 0.180203309375 0.2315293484375 0.1943301421875 0.2347893875 0.2084569734375 0.2869499953125 0.22149712500000002 0.30325018593749997 0.23562395625 0.3478040390625 0.223670484375 0.36193086874999997 0.189983425 0.3434573203125 0.178029953125 0.2869499953125 0.16716315937499998 0.2695631265625 0.178029953125
0 0.17828206093750001 0.1476029296875 0.122861415625 0.1725965546875 0.12068805625000001 0.187810065625 0.126121453125 0.1932434625 0.16741526874999998 0.2041102546875 0.18154209999999998 0.2182370875 0.22609595312500003 0.2062836140625 0.23370270781250002 0.187810065625 0.24674286093750003 0.1769432734375 0.24674286093750003 0.1682498375 0.23261602812499999 0.15846972343750002 0.21305580000000002 0.15846972343750002 0.19349557343749998 0.1476029296875 0.17828206093750001 0.1476029296875
0 0.24565618125 0.112829190625 0.21305580000000002 0.12152262656249999 0.1945822515625 0.13347610000000001 0.19349557343749998 0.1476029296875 0.23696274687500002 0.15846972343750002 0.25108957656249997 0.1747699140625 0.2652164078125 0.17585659375 0.2978167890625 0.16498980000000002 0.31411697968749996 0.13347610000000001 0.2956434296875 0.12152262656249999 0.24565618125 0.112829190625