0 0.2039279 0.376899059375 0.2110322234375 0.387543253125 0.23234519374999998 0.39210505 0.24553893593749998 0.3845020546875 0.2567028734375 0.3586518703125 0.23234519374999998 0.176179984375 0.234375 0.1640151921875 0.2211812578125 0.135123809375 0.192763965625 0.129041415625 0.1805851265625 0.138165009375 0.1694211890625 0.1609739953125 0.1856596421875 0.2917455125 0.2039279 0.376899059375
0 0.291209584375 0.3890638515625 0.310492746875 0.3784196578125 0.3196268765625 0.3586518703125 0.3013586171875 0.14880920312499998 0.28613506875 0.126000215625 0.26177738906250003 0.12295901718749999 0.24452403281250001 0.1396856078125 0.2384346125 0.167056390625 0.2648221 0.3738578609375 0.27598603437499997 0.387543253125 0.291209584375 0.3890638515625
0 0.1866745453125 0.46357320468749996 0.2435091296875 0.4909439875 0.2577177765625 0.5152735734375 0.2820754546875 0.5335207609375 0.295269196875 0.535041359375 0.3155672625 0.4985469828125 0.31759706875 0.45901140781249994 0.310492746875 0.4483672140625 0.1420188 0.348007678125 0.1298399609375 0.351048875 0.11664621875 0.3738578609375 0.1125866046875 0.3890638515625 0.115631315625 0.4179552328125 0.1440486078125 0.4301200265625 0.1866745453125 0.46357320468749996
0 0.048647696875 0.47269680000000003 0.2110322234375 0.576097534375 0.2282855796875 0.5806593328125 0.248583646875 0.5441649546875 0.252643259375 0.516794171875 0.24959855000000003 0.49702638437499996 0.2211812578125 0.4848615921875 0.0709755703125 0.39058445 0.0608265375 0.3936256484375 0.0496626 0.4133934359375 0.043573181249999995 0.4346818234375 0.043573181249999995 0.4650938046875 0.048647696875 0.47269680000000003
0 0.3236864890625 0.5806593328125 0.3236864890625 0.592824125 0.3307908125 0.606509515625 0.5012945656250001 0.7007866578125 0.5246373421875 0.7053484531249999 0.5347863734375 0.6840600671875 0.5429056 0.6445244906250001 0.5429056 0.6293185015625 0.5358012765625 0.6186743078125 0.4728772734375 0.5852211281249999 0.4363407546875 0.5730563359375 0.351088878125 0.518314771875 0.3449994578125 0.518314771875 0.3358653296875 0.5320001624999999 0.3236864890625 0.5806593328125
0 0.42416191562499994 0.5639327421875 0.533771471875 0.6156331109375001 0.5560993421875 0.6430038921875 0.574367603125 0.6521274874999999 0.5855315375 0.6506068875000001 0.595680571875 0.6323596984375001 0.6058296046875 0.592824125 0.6058296046875 0.5776181328125001 0.59872528125 0.5639327421875 0.42416191562499994 0.4696556015625 0.4079234625 0.466614403125 0.3967595265625 0.486382190625 0.3886403 0.5228765671875 0.39168501093749997 0.5426443562500001 0.42416191562499994 0.5639327421875
0 0.37747636406249996 0.366254865625 0.39472972031250003 0.3647342671875 0.4129979796875 0.34344588125 0.406908559375 0.1548915984375 0.402848946875 0.136644409375 0.393714815625 0.12295901718749999 0.365297525 0.1199178203125 0.34804416875 0.1396856078125 0.3439845546875 0.15793279531249999 0.35616339531249996 0.32215749374999997 0.36732733125 0.3601724703125 0.37747636406249996 0.366254865625
0 0.406908559375 0.1853035796875 0.41502778593749995 0.3525694734375 0.426191721875 0.3723372625 0.443445078125 0.376899059375 0.464758046875 0.366254865625 0.47186236875 0.346487078125 0.46983256406249996 0.18834477656249998 0.46577295 0.136644409375 0.4485195953125 0.11687662343750001 0.43431094843749996 0.1138354234375 0.42416191562499994 0.11687662343750001 0.41096817343750003 0.1336032109375 0.406908559375 0.145768003125 0.406908559375 0.1853035796875
0 0.486071015625 0.34344588125 0.4952051453125 0.3601724703125 0.5124585015625 0.3647342671875 0.5256522453125 0.3601724703125 0.5388459875 0.337363484375 0.53275656875 0.15793279531249999 0.5266671484375001 0.115356021875 0.5114435984375 0.10167063125 0.4952051453125 0.10167063125 0.48302630625000004 0.10775302812500001 0.47186236875 0.1244796171875 0.46983256406249996 0.1518504 0.486071015625 0.34344588125
0 0.5560993421875 0.366254865625 0.57538250625 0.36777546562499996 0.5885762484375 0.3601724703125 0.595680571875 0.346487078125 0.6058296046875 0.14272680625 0.601769990625 0.1244796171875 0.5926358609375 0.110794225 0.584516634375 0.1047118296875 0.5621887625 0.1047118296875 0.5429056 0.1336032109375 0.54087579375 0.34344588125 0.5560993421875 0.366254865625
0 0.69920070625 0.36777546562499996 0.7174689671875 0.34952827656249996 0.727618 0.1244796171875 0.7205136765625 0.10775302812500001 0.7063050296875 0.0955882359375 0.688036771875 0.0955882359375 0.67179831875 0.10775302812500001 0.6667238015625 0.12143841875000001 0.6606343828125001 0.346487078125 0.6799175453124999 0.3692960640625 0.69920070625 0.36777546562499996
0 0.7194987734375 0.3586518703125 0.734722321875 0.3845020546875 0.7580650984374999 0.38602265468749997 0.767199228125 0.38146085625000004 0.7783631640625 0.3586518703125 0.7925718109375001 0.1548915984375 0.786482390625 0.1305620140625 0.771258840625 0.1138354234375 0.7469011609375 0.1138354234375 0.7387819359375001 0.1199178203125 0.727618 0.145768003125 0.7255881921875 0.18226238125 0.7194987734375 0.3586518703125
0 0.8159145859375 0.524397165625 0.8240338125 0.524397165625 0.842302071875 0.5396031578125 0.8636150406249999 0.538082559375 0.8818832999999999 0.50158818125 0.8768087828125 0.4514084125 0.6839771578125 0.3723372625 0.672813221875 0.38602265468749997 0.6646939953125 0.4194758328125 0.66773870625 0.44228481875 0.7996761328125 0.4939851875 0.8088102625 0.50158818125 0.8088102625 0.516794171875 0.8159145859375 0.524397165625
0 0.59466566875 0.5091911765625 0.790542003125 0.589782925 0.8067804562499999 0.516794171875 0.8037357453125 0.50006758125 0.7063050296875 0.45749080937500003 0.6819473515625 0.4544496109375 0.6230829609375 0.4240376296875 0.6027848953125 0.42099643281250004 0.595680571875 0.4346818234375 0.5875613453125 0.47725859687499994 0.5875613453125 0.49550578593749994 0.59466566875 0.5091911765625
0 0.8544809109375 0.7859402046875 0.8788385906249999 0.80114619375 0.8960919453124999 0.8026667921874999 0.900151559375 0.7783372078124999 0.9103005906250001 0.766172415625 0.9113154953124999 0.715992646875 0.71848386875 0.6186743078125 0.7042752234375 0.6156331109375001 0.6971708999999999 0.6293185015625 0.68702186875 0.6688540765625001 0.688036771875 0.6916630625 0.844331878125 0.7676930140625 0.8544809109375 0.7859402046875
0 0.6220680578125 0.7540076234375 0.6271425734375 0.76161061875 0.6697685109375 0.7859402046875 0.7002156109375 0.795063796875 0.8138847796875 0.8589289578124999 0.8331679421875 0.8634907546875 0.8514362015625 0.814831584375 0.8473765875 0.8026667921874999 0.8514362015625 0.787460803125 0.848391490625 0.7737754125 0.734722321875 0.71295145 0.71442425625 0.7099102515625 0.6474406390625 0.6703746749999999 0.6383065109375 0.6749364718749999 0.6220680578125 0.735760434375 0.6220680578125 0.7540076234375
0 0.5510248265625 0.9334383109375001 0.5692930859375 0.9060675281250001 0.57538250625 0.8665319531250001 0.5723377953125001 0.8437229671875001 0.3795061703125 0.72207504375 0.3693571375 0.7281574390625 0.3602230078125 0.7448840296875 0.35007397500000004 0.78137840625 0.353118684375 0.8102697890625 0.4789666921875 0.8954233359374999 0.5510248265625 0.9334383109375001
0 0 0.7069704265625 0.003991953125 0.71295145 0.1643466734375 0.8193933828125 0.1876894484375 0.8269963765625 0.207987515625 0.8026667921874999 0.216106740625 0.757048821875 0.192763965625 0.7281574390625 0.1278101546875 0.6825394671875 0.02834963125 0.6247567046875 0.0182006 0.6247567046875 0.0029770499999999997 0.647565690625 0 0.6587167515625 0 0.7069704265625
0 0.196823578125 0.7281574390625 0.2252408703125 0.7585694203125 0.252643259375 0.7692136140625 0.272941325 0.7327192375 0.2770009375 0.696224859375 0.271926421875 0.6825394671875 0.09533325000000001 0.5700151390625 0.0872140234375 0.566973940625 0.07199047343750001 0.5806593328125 0.059811634375 0.62019490625 0.0608265375 0.6430038921875 0.13186976718750001 0.6825394671875 0.196823578125 0.7281574390625